|name      |ra           |dec          |pm_ra   |pm_dec  |parallax|spect_type  |vmag |
|HIP 32349 |06 45 09.2499|-16 42 47.315| -546.01|-1223.08|  379.21|A0m...      |-1.44|
|HIP 30438 |06 23 57.0906|-52 41 44.585|   19.99|   23.67|   10.43|F0Ib        |-0.62|
|HIP 69673 |14 15 40.3474|+19 11 14.172|-1093.45|-1999.40|   88.85|K2IIIp      |-0.05|
|HIP 71683 |14 39 40.8985|-60 50 06.529|-3678.19|  481.84|  742.12|G2V         |-0.01|
|HIP 91262 |18 36 56.1860|+38 46 58.775|  201.02|  287.46|  128.93|A0Vvar      | 0.03|
|HIP 24608 |05 16 41.2956|+45 59 56.505|   75.52| -427.13|   77.29|M1: comp    | 0.08|
|HIP 24436 |05 14 32.2712|-08 12 05.901|    1.87|   -0.56|    4.22|B8Ia        | 0.18|
|HIP 37279 |07 39 18.5381|+05 13 39.028| -716.57|-1034.58|  285.93|F5IV-V      | 0.40|
|HIP 7588  |01 37 42.7517|-57 14 11.976|   88.02|  -40.08|   22.68|B3Vp        | 0.45|
|HIP 27989 |05 55 10.2892|+07 24 25.331|   27.33|   10.86|    7.63|M2Ib        | 0.45|
|HIP 68702 |14 03 49.4446|-60 22 22.722|  -33.96|  -25.06|    6.21|B1III       | 0.61|
|HIP 97649 |19 50 46.6821|+08 52 02.586|  536.82|  385.54|  194.44|A7IV-V      | 0.76|
|HIP 60718 |12 26 35.9414|-63 05 56.601|  -35.37|  -14.73|   10.17|B0.5IV      | 0.77|
|HIP 21421 |04 35 55.2005|+16 30 35.142|   62.78| -189.36|   50.09|K5III       | 0.87|
|HIP 65474 |13 25 11.6046|-11 09 40.482|  -42.50|  -31.73|   12.44|B1V         | 0.98|
|HIP 80763 |16 29 24.4675|-26 25 55.006|  -10.16|  -23.21|    5.40|M1Ib + B2.5V| 1.06|
|HIP 37826 |07 45 19.3638|+28 01 34.717| -625.69|  -45.95|   96.74|K0IIIvar    | 1.16|
|HIP 113368|22 57 38.8256|-29 37 18.613|  329.22| -164.22|  130.08|A3V         | 1.17|
|HIP 62434 |12 47 43.3189|-59 41 19.437|  -48.24|  -12.82|    9.25|B0.5III     | 1.25|
|HIP 102098|20 41 25.9134|+45 16 49.203|    1.56|    1.55|    1.01|A2Ia        | 1.25|
|HIP 71681 |14 39 39.3908|-60 50 22.097|-3600.35|  952.11|  742.12|K1V         | 1.35|
|HIP 49669 |10 08 22.4594|+11 58 01.902| -249.40|    4.91|   42.09|B7V         | 1.36|
|HIP 33579 |06 58 37.5467|-28 58 19.522|    2.63|    2.29|    7.57|B2II        | 1.50|
|HIP 36850 |07 34 36.0046|+31 53 19.091| -206.33| -148.18|   63.27|A2Vm        | 1.58|
|HIP 61084 |12 31 09.9293|-57 06 45.249|   27.94| -264.33|   37.09|M4III       | 1.59|
|HIP 85927 |17 33 36.5265|-37 06 13.494|   -8.90|  -29.95|    4.64|B1.5IV+...  | 1.62|
|HIP 25336 |05 25 07.8682|+06 20 59.044|   -8.75|  -13.28|   13.42|B2III       | 1.64|
|HIP 25428 |05 26 17.4979|+28 36 28.344|   23.28| -174.22|   24.89|B7III       | 1.65|
|HIP 45238 |09 13 12.2408|-69 43 02.901| -157.66|  108.91|   29.34|A2IV        | 1.67|
|HIP 26311 |05 36 12.8126|-01 12 06.902|    1.49|   -1.06|    2.43|B0Ia        | 1.69|
|HIP 109268|22 08 13.8764|-46 57 38.217|  127.60| -147.91|   32.16|B7IV        | 1.73|
|HIP 26727 |05 40 45.5248|-01 56 33.282|    3.99|    2.54|    3.99|O9.5Ib SB   | 1.74|
|HIP 39953 |08 09 31.9553|-47 20 11.802|   -5.93|    9.90|    3.88|WC8 + O9I   | 1.75|
|HIP 62956 |12 54 01.6330|+55 57 35.435|  111.74|   -8.99|   40.30|A0p         | 1.76|
|HIP 90185 |18 24 10.3463|-34 23 03.533|  -39.61| -124.05|   22.55|B9.5III     | 1.79|
|HIP 15863 |03 24 19.3485|+49 51 40.474|   24.11|  -26.01|    5.51|F5Ib        | 1.79|
|HIP 54061 |11 03 43.8369|+61 45 04.028| -136.46|  -35.25|   26.38|F7V comp    | 1.81|
|HIP 34444 |07 08 23.4860|-26 23 35.548|   -2.75|    3.33|    1.82|F8Ia        | 1.83|
|HIP 67301 |13 47 32.5461|+49 18 47.890| -121.23|  -15.56|   32.39|B3V SB      | 1.85|
|HIP 41037 |08 22 30.8647|-59 30 34.338|  -25.34|   22.72|    5.16|K3III+B2V   | 1.86|
|HIP 86228 |17 37 19.1258|-42 59 52.158|    6.06|   -0.95|   11.99|F1II        | 1.86|
|HIP 28360 |05 59 31.7694|+44 56 50.766|  -56.41|   -0.88|   39.72|A2V         | 1.90|
|HIP 82273 |16 48 39.8658|-69 01 39.486|   17.85|  -32.92|    7.85|K2IIb-IIIa  | 1.91|
|HIP 42913 |08 44 42.1973|-54 42 30.845|   28.78| -104.14|   40.90|A1V         | 1.93|
|HIP 31681 |06 37 42.7023|+16 23 57.893|   -2.04|  -66.92|   31.12|A0IV        | 1.93|
|HIP 100751|20 25 38.8496|-56 44 05.571|    7.71|  -86.15|   17.80|B2IV        | 1.94|
|HIP 11767 |02 31 47.0753|+89 15 50.897|   44.22|  -11.74|    7.56|F7:Ib-IIv SB| 1.97|
|HIP 30324 |06 22 41.9874|-17 57 21.300|   -3.45|   -0.47|    6.53|B1II/III    | 1.98|
|HIP 46390 |09 27 35.2518|-08 39 31.260|  -14.49|   33.25|   18.40|K3III       | 1.99|
|HIP 50583 |10 19 58.1617|+19 50 30.697|  310.77| -152.88|   25.96|K0III       | 2.01|
|HIP 9884  |02 07 10.2858|+23 27 45.999|  190.73| -145.77|   49.48|K2III       | 2.01|
|HIP 3419  |00 43 35.2283|-17 59 12.063|  232.79|   32.71|   34.04|K0III       | 2.04|
|HIP 92855 |18 55 15.9167|-26 17 47.739|   13.87|  -52.65|   14.54|B2.5V       | 2.05|
|HIP 68933 |14 06 41.3247|-36 22 07.305| -519.29| -517.87|   53.52|K0IIIb      | 2.06|
|HIP 112122|22 42 39.9349|-46 53 04.437|  135.68|   -4.51|   19.17|M5III       | 2.07|
|HIP 27366 |05 47 45.3879|-09 40 10.567|    1.55|   -1.20|    4.52|B0.5Iavar   | 2.07|
|HIP 677   |00 08 23.1680|+29 05 26.981|  135.68| -162.95|   33.60|B9p         | 2.07|
|HIP 5447  |01 09 43.7976|+35 37 14.990|  175.59| -112.23|   16.36|M0IIIvar    | 2.07|
|HIP 72607 |14 50 42.3954|+74 09 19.713|  -32.29|   11.91|   25.79|K4IIIvar    | 2.07|
|HIP 86032 |17 34 56.0048|+12 33 38.073|  110.08| -222.61|   69.84|A5III       | 2.08|
|HIP 14576 |03 08 10.1297|+40 57 20.344|    2.39|   -1.44|   35.14|B8V         | 2.09|
|HIP 9640  |02 03 53.9191|+42 19 47.454|   43.08|  -50.85|    9.19|B8V         | 2.10|
|HIP 57632 |11 49 03.8783|+14 34 20.413| -499.02| -113.78|   90.16|A3Vvar      | 2.14|
|HIP 4427  |00 56 42.5011|+60 43 00.299|   25.65|   -3.82|    5.32|B0IV:evar   | 2.15|
|HIP 61932 |12 41 31.2050|-48 57 35.588| -187.28|   -1.20|   25.01|A1IV        | 2.20|
|HIP 45556 |09 17 05.4284|-59 16 30.940|  -19.03|   13.11|    4.71|A8Ib        | 2.21|
|HIP 39429 |08 03 35.0701|-40 00 11.478|  -30.82|   16.77|    2.33|O5IAf       | 2.21|
|HIP 76267 |15 34 41.1895|+26 42 53.677|  120.38|  -89.44|   43.65|A0V         | 2.22|
|HIP 44816 |09 07 59.7771|-43 25 57.447|  -23.21|   14.28|    5.69|K4Ib-II     | 2.23|
|HIP 100453|20 22 13.7000|+40 15 24.053|    2.43|   -0.93|    2.14|F8Ib        | 2.23|
|HIP 65378 |13 23 55.4198|+54 55 31.495|  121.23|  -22.01|   41.73|A2V         | 2.23|
|HIP 87833 |17 56 36.3779|+51 29 20.224|   -8.52|  -23.05|   22.10|K5III       | 2.24|
|HIP 3179  |00 40 30.3872|+56 32 14.673|   50.36|  -32.17|   14.27|K0II-IIIvar | 2.24|
|HIP 25930 |05 32 00.3997|-00 17 56.736|    1.67|    0.56|    3.56|O9.5II      | 2.25|
|HIP 746   |00 09 10.0897|+59 09 00.785|  523.39| -180.42|   59.89|F2III-IV    | 2.28|
|HIP 66657 |13 39 53.2727|-53 27 58.906|  -14.60|  -12.79|    8.68|B1III       | 2.29|
|HIP 82396 |16 50 10.2450|-34 17 33.395| -611.83| -255.87|   49.85|K2IIIb      | 2.29|
|HIP 78401 |16 00 20.0117|-22 37 17.833|   -8.67|  -36.90|    8.12|B0.2IV      | 2.29|
|HIP 71860 |14 41 55.7738|-47 23 17.309|  -21.15|  -24.22|    5.95|B1.5III     | 2.30|
|HIP 71352 |14 35 30.4516|-42 09 27.884|  -35.31|  -32.44|   10.57|B1Vn + A    | 2.33|
|HIP 53910 |11 01 50.3908|+56 22 56.441|   81.66|   33.74|   41.07|A1V         | 2.34|
|HIP 72105 |14 44 59.2509|+27 04 27.026|  -50.65|   20.00|   15.55|A0          | 2.35|
|HIP 107315|21 44 11.1403|+09 52 30.028|   30.02|    1.38|    4.85|K2Ibvar     | 2.38|
|HIP 86670 |17 42 29.2798|-39 01 47.715|   -6.49|  -25.55|    7.03|B1.5III     | 2.39|
|HIP 2081  |00 26 16.8674|-42 18 18.439|  232.76| -353.64|   42.14|K0III...    | 2.40|
|HIP 58001 |11 53 49.7413|+53 41 41.039|  107.76|   11.16|   38.99|A0V SB      | 2.41|
|HIP 84012 |17 10 22.6624|-15 43 30.531|   41.16|   97.65|   38.77|A2.5Va      | 2.43|
|HIP 113881|23 03 46.3334|+28 04 56.837|  187.76|  137.61|   16.37|M2II-IIIvar | 2.44|
|HIP 35904 |07 24 05.7050|-29 18 11.231|   -3.76|    6.66|    1.02|B5Ia        | 2.45|
|HIP 105199|21 18 34.5816|+62 35 07.639|  149.91|   48.27|   66.84|A7IV-V      | 2.45|
|HIP 45941 |09 22 06.8292|-55 00 38.503|  -10.72|   11.24|    6.05|B2IV        | 2.47|
|HIP 102488|20 46 12.4322|+33 58 10.032|  356.16|  330.28|   45.26|K0III       | 2.48|
|HIP 113963|23 04 45.6168|+15 12 19.324|   61.10|  -42.56|   23.36|B9.5III     | 2.49|
|HIP 81377 |16 37 09.5300|-10 34 01.746|   13.07|   25.44|    7.12|O9.5V       | 2.54|
|HIP 14135 |03 02 16.7791|+04 05 23.731|  -11.81|  -78.76|   14.82|M2III       | 2.54|
|HIP 68002 |13 55 32.4349|-47 17 17.759|  -57.14|  -44.75|    8.48|B2.5IV      | 2.55|
|HIP 78820 |16 05 26.2349|-19 48 19.414|   -6.75|  -24.89|    6.15|B0.5V       | 2.56|
|HIP 54872 |11 14 06.4121|+20 31 26.522|  143.31| -130.43|   56.52|A4V         | 2.56|
|HIP 59196 |12 08 21.5436|-50 43 20.676|  -47.53|   -6.42|    8.25|B2IVne      | 2.58|
|HIP 25985 |05 32 43.8139|-17 49 20.252|    3.27|    1.54|    2.54|F0Ib        | 2.58|
|HIP 59803 |12 15 48.4678|-17 32 31.141| -159.58|   22.31|   19.78|B8III       | 2.58|
|HIP 93506 |19 02 36.7234|-29 52 48.411|  -14.10|    3.66|   36.61|A3IV        | 2.60|
|HIP 74785 |15 17 00.4718|-09 22 58.321|  -96.39|  -20.76|   20.38|B8V         | 2.61|
|HIP 77070 |15 44 15.9958|+06 25 31.871|  134.66|   44.14|   44.54|K2III       | 2.63|
|HIP 8903  |01 54 38.3491|+20 48 29.878|   96.32| -108.80|   54.74|A5V...      | 2.64|
|HIP 26634 |05 39 38.9399|-34 04 26.578|   -0.10|  -24.05|   12.16|B7IV        | 2.65|
|HIP 61359 |12 34 23.2341|-23 23 47.843|    0.86|  -56.00|   23.34|G5II        | 2.65|
|HIP 28380 |05 59 43.2382|+37 12 45.951|   42.09|  -73.61|   18.83|A0p Si      | 2.65|
|HIP 6686  |01 25 48.6030|+60 14 07.452|  297.24|  -49.49|   32.81|A5Vv SB     | 2.66|
|HIP 73273 |14 58 31.9541|-43 08 01.921|  -34.06|  -38.30|    6.23|B2III       | 2.68|
|HIP 67927 |13 54 41.1162|+18 23 54.915|  -60.95| -358.10|   88.17|G0IV        | 2.68|
|HIP 61585 |12 37 11.0837|-69 08 07.921|  -39.87|  -12.44|   10.67|B2IV-V      | 2.69|
|HIP 52727 |10 46 46.1221|-49 25 12.451|   62.55|  -53.57|   28.18|G5III SB    | 2.69|
|HIP 23015 |04 56 59.6162|+33 09 58.087|    3.63|  -18.54|    6.37|K3IIvar     | 2.69|
|HIP 85696 |17 30 45.8388|-37 17 44.665|   -4.19|  -29.14|    6.29|B2IV        | 2.70|
|HIP 35264 |07 17 08.5642|-37 05 50.953|  -10.57|    7.00|    2.98|K3Ib        | 2.71|
|HIP 89931 |18 20 59.6216|-29 49 40.941|   29.96|  -26.38|   10.67|K3III       | 2.72|
|HIP 97278 |19 46 15.5702|+10 36 47.767|   15.72|   -3.08|    7.08|K3II        | 2.72|
|HIP 79593 |16 14 20.7662|-03 41 38.312|  -45.83| -142.91|   19.16|M1III       | 2.73|
|HIP 80331 |16 23 59.5069|+61 30 50.671|  -16.98|   56.68|   37.18|G8III       | 2.73|
|HIP 52419 |10 42 57.4267|-64 23 40.126|  -18.87|   12.06|    7.43|B0Vp        | 2.74|
|HIP 61941 |12 41 40.0021|-01 26 58.280| -616.66|   60.66|   84.53|F0V+...     | 2.74|
|HIP 65109 |13 20 36.0656|-36 42 43.492| -340.76|  -87.98|   55.64|A2V         | 2.75|
|HIP 72622 |14 50 52.7773|-16 02 29.798| -105.69|  -69.00|   42.25|A3IV        | 2.75|
|HIP 26241 |05 35 25.9811|-05 54 35.639|    2.27|   -0.62|    2.46|O9III       | 2.75|
|HIP 86742 |17 43 28.3769|+04 34 00.901|  -40.67|  158.80|   39.78|K2III       | 2.76|
|HIP 23875 |05 07 51.0340|-05 05 10.546|  -83.39|  -75.44|   36.71|A3IIIvar    | 2.78|
|HIP 84345 |17 14 38.8624|+14 23 24.911|   -6.71|   32.78|    8.53|M5IIvar     | 2.78|
|HIP 80816 |16 30 13.2617|+21 29 22.735|  -98.43|  -14.49|   22.07|G8III       | 2.78|
|HIP 59747 |12 15 08.7570|-58 44 56.046|  -36.68|  -10.72|    8.96|B2IV        | 2.79|
|HIP 85670 |17 30 25.9769|+52 18 04.892|  -15.59|   11.57|    9.02|G2II        | 2.79|
|HIP 76297 |15 35 08.4604|-41 10 00.102|  -16.05|  -25.52|    5.75|B2IV        | 2.80|
|HIP 25606 |05 28 14.7263|-20 45 33.236|   -5.03|  -85.92|   20.49|G5II        | 2.81|
|HIP 81693 |16 41 17.4771|+31 36 06.793| -462.58|  345.05|   92.63|F9IV        | 2.81|
|HIP 2021  |00 25 39.2020|-77 15 18.126| 2220.12|  324.37|  133.78|G2IV        | 2.82|
|HIP 81266 |16 35 52.9594|-28 12 57.462|   -8.59|  -22.50|    7.59|B0V         | 2.82|
|HIP 90496 |18 27 58.2695|-25 25 16.490|  -44.81| -186.29|   42.20|K1IIIb      | 2.82|
|HIP 77952 |15 55 08.8080|-63 25 47.099| -188.45| -401.92|   81.24|F2III       | 2.83|
|HIP 39757 |08 07 32.7022|-24 18 15.972|  -83.29|   46.38|   51.99|F2mF5IIp    | 2.83|
|HIP 1067  |00 13 14.1500|+15 11 01.017|    4.70|   -8.24|    9.79|B2IV        | 2.83|
|HIP 85258 |17 25 17.9972|-55 31 47.366|   -8.23|  -24.71|    5.41|K3Ib-II     | 2.84|
|HIP 85792 |17 31 50.5216|-49 52 33.534|  -31.27|  -67.15|   13.46|B2Vne       | 2.84|
|HIP 18246 |03 54 07.9185|+31 53 01.168|    4.41|   -9.15|    3.32|B1Ib        | 2.84|
|HIP 107556|21 47 02.2853|-16 07 35.637|  263.26| -296.23|   84.58|A5mF2 (IV)  | 2.85|
|HIP 63608 |13 02 10.7605|+10 57 32.767| -275.05|   19.96|   31.90|G8IIIvar    | 2.85|
|HIP 17702 |03 47 29.0642|+24 06 18.871|   19.35|  -43.11|    8.87|B7III       | 2.85|
|HIP 9236  |01 58 45.8718|-61 34 11.728|  262.54|   26.88|   45.74|F0V         | 2.86|
|HIP 97165 |19 44 58.4421|+45 07 50.491|   43.22|   48.44|   19.07|B9.5III     | 2.86|
|HIP 74946 |15 18 54.6888|-68 40 46.082|  -66.48|  -32.00|   17.85|A1V         | 2.87|
|HIP 110130|22 18 30.1782|-60 15 34.181|  -71.48|  -38.15|   16.42|K3III       | 2.87|
|HIP 30343 |06 22 57.5911|+22 30 49.861|   56.84| -108.79|   14.07|M3IIIvar    | 2.87|
|HIP 13847 |02 58 15.7156|-40 18 17.046|  -53.53|   25.71|   20.22|A4III+...   | 2.88|
|HIP 94141 |19 09 45.8338|-21 01 24.691|   -1.17|  -36.83|    7.41|F2II/III    | 2.88|
|HIP 78265 |15 58 51.1207|-26 06 50.554|  -12.00|  -25.71|    7.10|B1V + B2V   | 2.89|
|HIP 36188 |07 27 09.0723|+08 17 21.872|  -50.28|  -38.45|   19.16|B8Vvar      | 2.89|
|HIP 63125 |12 56 01.8409|+38 19 05.686| -233.43|   54.98|   29.60|A0spe...    | 2.89|
|HIP 80112 |16 21 11.3225|-25 35 33.909|  -10.03|  -18.03|    4.44|B1III       | 2.90|
|HIP 106278|21 31 33.5207|-05 34 16.161|   22.79|   -6.70|    5.33|G0Ib        | 2.90|
|HIP 18532 |03 57 51.2211|+40 00 36.983|   12.61|  -24.06|    6.06|B0.5V       | 2.90|
|HIP 14328 |03 04 47.7902|+53 30 23.221|    0.50|   -4.19|   12.72|G8III+...   | 2.91|
|HIP 48002 |09 47 06.1376|-65 04 19.268|  -11.55|    4.97|    2.01|A9          | 2.92|
|HIP 112158|22 43 00.1286|+30 13 16.711|   13.11|  -26.11|   15.18|G2II-III..  | 2.93|
|HIP 32768 |06 49 56.1368|-50 36 51.839|   34.23|  -65.85|   17.85|K0III...    | 2.94|
|HIP 60965 |12 29 51.9832|-16 30 54.338| -209.97| -139.30|   37.11|B9.5V       | 2.94|
|HIP 109074|22 05 47.0253|-00 19 11.376|   17.90|   -9.93|    4.30|G2Ib        | 2.95|
|HIP 18543 |03 58 01.7301|-13 30 29.681|   60.51| -111.34|   14.75|M1IIIb Ca-1 | 2.97|
|HIP 26451 |05 37 38.6843|+21 08 33.335|    2.39|  -18.04|    7.82|B4IIIp      | 2.97|
|HIP 47908 |09 45 51.1024|+23 46 27.401|  -46.09|   -9.57|   13.01|G0II        | 2.97|
|HIP 88635 |18 05 48.5246|-30 25 25.140|  -55.75| -181.53|   33.94|K0III       | 2.98|
|HIP 87073 |17 47 35.0811|-40 07 37.135|    0.44|   -6.40|    1.82|F3Ia        | 2.99|
|HIP 64962 |13 18 55.2534|-23 10 17.085|   68.41|  -41.09|   24.69|G8III       | 2.99|
|HIP 93747 |19 05 24.6124|+13 51 49.355|   -7.04|  -95.31|   39.18|A0Vn        | 2.99|
|HIP 82514 |16 51 52.2389|-38 02 50.378|   -8.84|  -21.60|    3.97|B1.5IV + B  | 3.00|
|HIP 108085|21 53 55.6541|-37 21 53.362|   95.88|  -12.10|   16.07|B8III       | 3.00|
|HIP 10064 |02 09 32.5209|+34 59 14.611|  148.78|  -39.13|   26.24|A5III       | 3.00|
|HIP 54539 |11 09 39.8594|+44 29 54.792|  -62.35|  -27.38|   22.21|K1III       | 3.00|
|HIP 75097 |15 20 43.7492|+71 50 02.303|  -18.03|   17.68|    6.79|A3II-III    | 3.00|
|HIP 17358 |03 42 55.4821|+47 47 15.552|   23.83|  -41.93|    6.18|B5III SB    | 3.01|
|HIP 30122 |06 20 18.7872|-30 03 48.156|    8.00|    3.81|    9.70|B2.5V       | 3.02|
|HIP 33977 |07 03 01.4736|-23 49 59.885|   -1.56|    4.28|    1.27|B3Ia        | 3.02|
|HIP 59316 |12 10 07.5259|-22 37 11.252|  -71.52|   10.55|   10.75|K2III       | 3.02|
|HIP 23416 |05 01 58.1340|+43 49 23.930|    0.18|   -2.31|    1.60|F0Ia        | 3.03|
|HIP 62322 |12 46 16.8696|-68 06 29.139|  -40.40|  -10.32|   10.48|B2V         | 3.04|
|HIP 71075 |14 32 04.7578|+38 18 28.381| -115.55|  151.87|   38.29|A7IIIvar    | 3.04|
|HIP 100345|20 21 00.6464|-14 46 53.044|   48.42|   14.00|    9.48|A5:n        | 3.05|
|HIP 95947 |19 30 43.2853|+27 57 34.901|   -7.09|   -5.63|    8.46|K3II+...    | 3.05|
|HIP 32246 |06 43 55.9298|+25 07 52.159|   -5.93|  -12.81|    3.61|A3mA6-A9    | 3.06|
|HIP 50801 |10 22 19.8033|+41 29 57.961|  -80.47|   34.10|   13.11|M0III SB    | 3.06|
|HIP 94376 |19 12 33.1550|+67 39 40.741|   94.49|   92.30|   32.54|G9III       | 3.07|
|HIP 89642 |18 17 37.7292|-36 45 40.612| -129.27| -166.61|   21.87|M2III       | 3.10|
|HIP 56561 |11 35 46.9283|-63 01 11.370|  -33.84|   -6.87|    7.96|B9II:       | 3.11|
|HIP 101772|20 37 33.9897|-47 17 29.985|   49.20|   66.07|   32.21|K0III       | 3.11|
|HIP 52943 |10 49 37.4321|-16 11 38.875|   92.77|  199.02|   23.54|K0/K1III    | 3.11|
|HIP 43813 |08 55 23.6848|+05 56 43.900|  -99.76|   14.65|   21.64|G8III-IV    | 3.11|
|HIP 83081 |16 58 37.2308|-55 59 24.198|  -18.31|  -35.29|    5.68|K5III       | 3.12|
|HIP 27628 |05 50 57.5528|-35 46 09.452|   55.74|  404.68|   37.94|K1.5III     | 3.12|
|HIP 84379 |17 15 01.9242|+24 50 22.515|  -21.14| -157.68|   41.55|A3IVv SB    | 3.12|
|HIP 44127 |08 59 12.8387|+48 02 32.458| -441.12| -215.21|   68.32|A7IV        | 3.12|
|HIP 73334 |14 59 09.6990|-42 06 14.911|  -17.76|  -21.33|    6.05|B2IV        | 3.13|
|HIP 45860 |09 21 03.4588|+34 23 33.093| -222.80|   14.78|   14.69|M0IIIvar    | 3.14|
|HIP 46701 |09 31 13.3538|-57 02 03.810|  -32.58|    6.08|   13.72|K5III       | 3.16|
|HIP 84380 |17 15 02.8543|+36 48 32.959|  -27.35|    2.70|    8.89|K3IIvar     | 3.16|
|HIP 31685 |06 37 45.6717|-43 11 45.326|   -0.43|   -3.99|    7.71|B8III SB    | 3.17|
|HIP 92041 |18 45 39.3530|-26 59 26.806|   51.15|    0.45|   14.14|B8.5III     | 3.17|
|HIP 46853 |09 32 52.3253|+51 40 42.967| -947.06| -535.60|   74.15|F6IV        | 3.17|
|HIP 83895 |17 08 47.2251|+65 42 52.692|  -20.76|   19.15|    9.60|B6III       | 3.17|
|HIP 71908 |14 42 30.6850|-64 58 28.450| -192.64| -234.07|   60.97|F1Vp        | 3.18|
|HIP 23767 |05 06 30.8690|+41 14 04.707|   30.60|  -68.41|   14.87|B3V         | 3.18|
|HIP 87261 |17 49 51.4512|-37 02 36.136|   42.09|   27.77|   25.71|K0/K1III    | 3.19|
|HIP 23685 |05 05 27.6521|-22 22 15.084|   19.27|  -72.35|   14.39|K4III       | 3.19|
|HIP 22449 |04 49 50.1382|+06 57 40.491|  463.44|   11.62|  124.60|F6V         | 3.19|
|HIP 83000 |16 57 40.2706|+09 22 30.203| -293.03|   -9.70|   37.99|K2IIIvar    | 3.19|
|HIP 104732|21 12 56.1815|+30 13 37.493|    6.87|  -68.12|   21.62|G8II SB     | 3.21|
|HIP 116727|23 39 20.9820|+77 37 55.081|  -48.85|  127.18|   72.50|K1IV        | 3.21|
|HIP 75141 |15 21 22.3364|-40 38 50.854|  -19.11|  -24.05|    6.39|B1.5IV      | 3.22|
|HIP 79882 |16 18 19.2408|-04 41 33.389|   82.39|   40.08|   30.34|G8III       | 3.23|
|HIP 89962 |18 21 18.9206|-02 53 49.639| -547.57| -700.72|   52.81|K0III-IV    | 3.23|
|HIP 106032|21 28 39.5750|+70 33 38.501|   12.60|    8.73|    5.48|B2IIIv SB   | 3.23|
|HIP 32607 |06 48 11.5371|-61 56 31.128|  -68.39|  242.03|   32.96|A7IV        | 3.24|
|HIP 99473 |20 11 18.2648|-00 49 17.312|   35.48|    6.05|   11.36|B9.5III     | 3.24|
|HIP 36377 |07 29 13.8783|-43 18 06.809|  -59.86|  188.73|   17.74|K5III SB    | 3.25|
|HIP 68895 |14 06 22.2690|-26 40 55.268|   43.05| -140.82|   32.17|K2III       | 3.25|
|HIP 73714 |15 04 04.2619|-25 16 54.682|  -71.85|  -44.69|   11.17|M3/M4III    | 3.25|
|HIP 93194 |18 58 56.6246|+32 41 22.391|   -2.76|    1.77|    5.14|B9III       | 3.25|
|HIP 17678 |03 47 14.2315|-74 14 21.273|   51.07|  115.27|   15.23|M2III       | 3.26|
|HIP 84970 |17 22 00.5841|-24 59 58.157|   -8.84|  -23.64|    5.79|B2IV        | 3.27|
|HIP 113136|22 54 39.0392|-15 49 14.736|  -44.08|  -24.81|   20.44|A3V         | 3.27|
|HIP 3092  |00 39 19.5974|+30 51 40.413|  115.38|  -83.05|   32.19|K3III...    | 3.27|
|HIP 50099 |10 13 44.2789|-70 02 16.518|  -35.73|    7.55|    8.81|B8III       | 3.29|
|HIP 24305 |05 12 55.8731|-16 12 19.544|   45.66|  -16.13|   17.69|B9IV: HgMn  | 3.29|
|HIP 75458 |15 24 55.7841|+58 57 57.685|   -8.27|   17.30|   31.92|K2III       | 3.29|
|HIP 51576 |10 32 01.4838|-61 41 07.297|  -16.59|   11.42|    6.56|B4Vne       | 3.30|
|HIP 21281 |04 33 59.7184|-55 02 42.020|   58.06|   12.73|   18.56|A0V:        | 3.30|
|HIP 85267 |17 25 23.6599|-56 22 39.678|   -0.77|  -15.85|    2.87|B1Ib        | 3.31|
|HIP 29655 |06 14 52.6967|+22 30 24.566|  -62.53|  -10.24|    9.34|M3III       | 3.31|
|HIP 5165  |01 06 05.1065|-46 43 06.566|  -70.16|   31.60|   16.46|G8IIIvar    | 3.32|
|HIP 84143 |17 12 09.1759|-43 14 18.565|   22.01| -287.41|   45.56|F3p         | 3.32|
|HIP 93864 |19 06 56.4423|-27 40 11.331|  -50.79| -250.51|   27.09|K1/K2III    | 3.32|
|HIP 88048 |17 59 01.5976|-09 46 24.059|  -10.31| -116.12|   21.35|K0III       | 3.32|
|HIP 14354 |03 05 10.4970|+38 50 25.919|  128.69| -106.61|   10.03|M3IIIvar    | 3.32|
|HIP 59774 |12 15 25.4491|+57 01 57.353|  103.56|    7.81|   40.05|A3Vvar      | 3.32|
|HIP 19780 |04 14 25.4311|-62 28 26.324|   41.64|   49.72|   19.98|G7III       | 3.33|
|HIP 54879 |11 14 14.4409|+15 25 47.147|  -59.01|  -79.37|   18.36|A2V         | 3.33|
|HIP 38170 |07 49 17.6587|-24 51 35.222|   -5.56|   -0.71|    2.42|G6Ia        | 3.34|
|HIP 25281 |05 24 28.6171|-02 23 49.698|   -0.54|   -3.21|    3.62|B1V + B2    | 3.35|
|HIP 32362 |06 45 17.4336|+12 53 45.798| -115.16| -190.91|   57.02|F5IV        | 3.35|
|HIP 41704 |08 30 16.0302|+60 43 06.352| -134.31| -107.73|   17.76|G4II-III    | 3.35|
|HIP 8886  |01 54 23.6835|+63 40 12.529|   31.98|  -18.66|    7.38|B2pvar      | 3.35|
|HIP 95501 |19 25 29.7527|+03 06 52.485|  253.06|   80.67|   65.05|F0IV        | 3.36|
|HIP 75264 |15 22 40.8875|-44 41 22.463|  -20.25|  -20.13|    6.47|B2IV-V      | 3.37|
|HIP 66249 |13 34 41.7547|-00 35 45.378| -278.89|   48.56|   44.55|A3V         | 3.38|
|HIP 43109 |08 46 46.6462|+06 25 08.065| -231.04|  -40.17|   24.13|G0III-IV    | 3.38|
|HIP 50371 |10 17 05.0053|-61 19 56.351|  -24.25|    6.38|    4.43|K3II        | 3.39|
|HIP 63090 |12 55 36.4833|+03 23 51.355| -471.44|  -52.81|   16.11|M3III       | 3.39|
|HIP 26207 |05 35 08.2777|+09 56 02.987|   -1.03|   -1.86|    3.09|O...        | 3.39|
|HIP 109492|22 10 51.2619|+58 12 04.500|   13.35|    4.49|    4.49|K1Ibv SB    | 3.39|
|HIP 20894 |04 28 39.6749|+15 52 15.408|  108.66|  -26.39|   21.89|A7III       | 3.40|
|HIP 74395 |15 12 17.2032|-52 05 56.669| -113.94|  -71.00|   28.06|G8III       | 3.41|
|HIP 6867  |01 28 21.9417|-43 19 03.825|  -18.21| -207.71|   13.94|K5II-III    | 3.41|
|HIP 67464 |13 49 30.2974|-41 41 15.575|  -26.01|  -20.38|    6.87|B2IV        | 3.41|
|HIP 112029|22 41 27.6748|+10 49 53.008|   77.38|  -10.98|   15.64|B8.5V       | 3.41|
|HIP 18724 |04 00 40.8206|+12 29 25.353|   -8.15|  -11.98|    8.81|B3V + A     | 3.41|
|HIP 102422|20 45 17.2686|+61 50 12.459|   86.08|  817.89|   69.73|K0IV        | 3.41|
|HIP 102395|20 44 57.5557|-66 12 11.658|  -42.40|   10.57|   23.71|A5IV        | 3.42|
|HIP 78384 |16 00 07.3405|-38 23 47.907|  -16.58|  -27.06|    6.61|B2.5IV      | 3.42|
|HIP 86974 |17 46 27.7189|+27 43 20.997| -291.42| -750.00|  119.05|G5IV        | 3.42|
|HIP 8796  |01 53 04.8998|+29 34 45.830|   12.02| -233.69|   50.87|F6IV        | 3.42|
|HIP 45080 |09 10 58.1053|-58 58 00.949|  -17.67|   14.14|    7.79|B2IV        | 3.43|
|HIP 93805 |19 06 14.9499|-04 52 56.404|  -19.68|  -90.37|   26.05|B9Vn        | 3.43|
|HIP 50335 |10 16 41.4043|+23 25 02.382|   19.84|   -7.30|   12.56|F0III       | 3.43|
|HIP 50372 |10 17 05.9270|+42 54 52.087| -170.11|  -42.64|   24.27|A2IV        | 3.45|
|HIP 38827 |07 56 46.7417|-52 58 56.642|  -28.38|   16.76|    8.43|B3IVp       | 3.46|
|HIP 5364  |01 08 35.2637|-10 10 54.941|  215.81| -138.33|   27.73|K2III       | 3.46|
|HIP 74666 |15 15 30.1038|+33 18 54.368|   84.84| -110.57|   27.94|G8III       | 3.46|
|HIP 3821  |00 49 05.1006|+57 48 59.572| 1087.11| -559.65|  167.99|G0V SB      | 3.46|
|HIP 67472 |13 49 37.0078|-42 28 25.266|  -23.85|  -19.22|    6.19|B2IV-Ve     | 3.47|
|HIP 12706 |02 43 18.1246|+03 14 10.218| -146.43| -145.27|   39.78|A3V         | 3.47|
|HIP 49583 |10 07 19.9535|+16 45 45.597|   -1.94|   -0.53|    1.53|A0Ib        | 3.48|
|HIP 81833 |16 42 53.7386|+38 55 20.860|   35.58|  -84.98|   29.11|G8III-IV    | 3.48|
|HIP 112623|22 48 33.1971|-51 19 00.133|  108.47|  -65.93|   25.16|A3V         | 3.49|
|HIP 90422 |18 26 58.4303|-45 58 05.985|  -16.68|  -53.33|   13.08|B3IV        | 3.49|
|HIP 33856 |07 01 43.1517|-27 56 05.430|   -6.01|    4.64|    2.68|K4III       | 3.49|
|HIP 8102  |01 44 05.1275|-15 56 22.401|-1721.82|  854.07|  274.17|G8V         | 3.49|
|HIP 55219 |11 18 28.7553|+33 05 39.260|  -26.61|   27.51|    7.74|K3III SB    | 3.49|
|HIP 73555 |15 01 56.7931|+40 23 26.292|  -40.20|  -29.22|   14.91|G8III       | 3.49|
|HIP 32759 |06 49 50.4655|-32 30 30.555|   -9.18|    4.04|    4.13|B1.5IVne    | 3.50|
|HIP 35550 |07 20 07.3893|+21 58 56.422|  -18.72|   -7.76|   55.45|F0IV...     | 3.50|
|HIP 112724|22 49 40.9122|+66 12 02.559|  -66.10| -124.74|   28.27|K0III       | 3.50|
|HIP 98337 |19 58 45.3876|+19 29 31.534|   64.37|   22.58|   11.90|K5III       | 3.51|
|HIP 112748|22 50 00.1003|+24 36 06.065|  144.11|  -43.44|   27.95|M2III       | 3.51|
|HIP 48774 |09 56 51.7548|-54 34 04.070|  -13.13|    2.83|    1.69|B5Ib        | 3.52|
|HIP 93085 |18 57 43.7797|-21 06 23.848|   34.91|  -12.33|    8.76|G8/K0II/III | 3.52|
|HIP 17378 |03 43 14.9561|-09 45 54.715|  -91.71|  742.23|  110.58|K0IV        | 3.52|
|HIP 109427|22 10 11.8198|+06 11 52.040|  281.96|   31.23|   33.77|A2V         | 3.52|
|HIP 47508 |09 41 09.1179|+09 53 32.636| -143.67|  -37.45|   24.12|A5V+...     | 3.52|
|HIP 92420 |18 50 04.7939|+33 21 45.640|    1.10|   -4.46|    3.70|A8:V comp SB| 3.52|
|HIP 40526 |08 16 30.9482|+09 11 08.387|  -46.80|  -48.65|   11.23|K4III       | 3.53|
|HIP 20889 |04 28 36.9333|+19 10 49.875|  107.23|  -36.77|   21.04|K0III       | 3.53|
|HIP 56343 |11 33 00.2590|-31 51 27.087| -209.09|  -41.60|   25.23|G8III       | 3.54|
|HIP 86263 |17 37 35.2252|-15 23 54.270|  -39.30|  -61.27|   30.93|F0IIIp      | 3.54|
|HIP 77516 |15 49 37.2657|-03 25 48.508|  -98.07|  -27.41|   20.94|A0V         | 3.54|
|HIP 99240 |20 08 41.8601|-66 10 45.556| 1210.29|-1130.34|  163.73|G5IV-Vvar   | 3.55|
|HIP 69996 |14 19 24.2327|-46 03 29.102|  -12.81|   -3.79|    9.27|B2.5IV      | 3.55|
|HIP 20042 |04 17 53.6186|-33 47 53.993|   62.31|   -6.75|   18.27|B9V         | 3.55|
|HIP 27288 |05 46 57.3497|-14 49 19.010|  -14.84|   -1.18|   46.47|A2Vann      | 3.55|
|HIP 89937 |18 21 02.3390|+72 44 01.311|  531.08| -351.59|  124.11|F7Vvar      | 3.55|
|HIP 10602 |02 16 30.5003|-51 30 43.601|   90.75|  -21.90|   21.06|B8IV-V      | 3.56|
|HIP 82545 |16 52 20.1535|-38 01 02.920|  -12.92|  -23.80|    6.31|B2IV        | 3.56|
|HIP 55282 |11 19 20.5226|-14 46 44.557| -124.47|  206.61|   16.75|K0III       | 3.56|
|HIP 1562  |00 19 25.6830|-08 49 25.786|  -14.37|  -37.84|   11.26|K2III       | 3.56|
|HIP 75177 |15 21 48.4365|-36 15 40.202|  -91.85|  -86.03|    9.99|K5III       | 3.57|
|HIP 37740 |07 44 26.8686|+24 23 53.265|  -22.45|  -56.24|   22.73|G8III       | 3.57|
|HIP 71053 |14 31 49.8578|+30 22 16.122| -100.44|  120.22|   21.92|K3III       | 3.57|
|HIP 44471 |09 03 37.5588|+47 09 23.974|  -37.37|  -55.39|    7.71|A1Vn        | 3.57|
|HIP 100064|20 18 03.2185|-12 32 41.492|   61.78|    2.85|   30.01|G6/G8III    | 3.58|
|HIP 35350 |07 18 05.6068|+16 32 25.711|  -46.09|  -37.90|   34.59|A3V...      | 3.58|
|HIP 60260 |12 21 21.8113|-60 24 04.932| -171.06|   91.82|   14.30|K3/K4III    | 3.59|
|HIP 27072 |05 44 27.9750|-22 26 50.952| -292.42| -368.45|  111.49|F7V         | 3.59|
|HIP 24674 |05 17 36.3989|-06 50 39.790|  -15.31|   -9.57|    5.88|B5III       | 3.59|
|HIP 57757 |11 50 41.2861|+01 45 55.357|  740.96| -271.18|   91.74|F8V         | 3.59|
|HIP 7607  |01 37 59.5024|+48 37 42.551|   60.90| -112.42|   18.76|K3III       | 3.59|
|HIP 85727 |17 31 05.9769|-60 41 00.984|  -53.65|  -99.37|   17.42|B8V         | 3.60|
|HIP 42536 |08 40 17.6092|-52 55 19.101|  -24.62|   35.09|    6.59|B3IV        | 3.60|
|HIP 46651 |09 30 42.1130|-40 28 00.795| -147.14|   48.65|   53.89|F2IV        | 3.60|
|HIP 76470 |15 37 01.4586|-28 08 06.256|  -13.26|   -3.48|   16.76|K3III       | 3.60|
|HIP 6537  |01 24 01.4512|-08 10 57.913|  -78.38| -206.88|   28.48|K0III       | 3.60|
|HIP 33018 |06 52 47.3401|+33 57 40.931|   -2.66|  -47.67|   16.59|A3III       | 3.60|
|HIP 63613 |13 02 15.7775|-71 32 55.675|  263.58|  -23.28|   35.91|K2III       | 3.61|
|HIP 86929 |17 45 44.0024|-64 43 25.444|  -11.08|  -56.37|    8.79|K1III       | 3.61|
|HIP 49841 |10 10 35.3971|-12 21 13.821| -200.33| -100.28|   28.44|K0III       | 3.61|
|HIP 15900 |03 24 48.8376|+09 01 44.634|  -74.25|  -80.31|   15.42|G8III       | 3.61|
|HIP 13209 |02 49 58.9894|+27 15 38.846|   65.47| -116.59|   20.45|B8Vn        | 3.61|
|HIP 82729 |16 54 35.1052|-42 21 38.733| -126.55| -227.77|   21.67|K4III       | 3.62|
|HIP 37819 |07 45 15.3039|-37 58 06.955|  -10.77|    5.97|    2.35|K4III       | 3.62|
|HIP 7097  |01 31 28.9939|+15 20 44.992|   25.73|   -3.29|   11.09|G8III       | 3.62|
|HIP 17847 |03 49 09.7312|+24 03 12.687|   17.77|  -44.70|    8.57|B8III       | 3.62|
|HIP 113726|23 01 55.2465|+42 19 33.523|   22.47|    0.24|    4.71|B6pv SB     | 3.62|
|HIP 57363 |11 45 36.5673|-66 43 43.836| -100.42|   33.21|   25.42|A7III       | 3.63|
|HIP 101769|20 37 32.8698|+14 35 42.730|  118.28|  -47.65|   33.49|F5IV        | 3.64|
|HIP 88714 |18 06 37.8788|-50 05 29.237|   -8.43|   -9.26|    3.22|B2Ib        | 3.65|
|HIP 110960|22 28 49.8006|-00 01 12.227|  191.32|   37.47|   31.53|F3III-IV    | 3.65|
|HIP 77233 |15 46 11.2149|+15 25 18.934|   68.54|  -41.31|   21.31|A3V         | 3.65|
|HIP 20205 |04 19 47.5339|+15 37 39.721|  115.29|  -23.86|   21.17|G8III       | 3.65|
|HIP 46733 |09 31 31.5697|+63 03 42.464|  107.55|   26.86|   43.20|F0IV        | 3.65|
|HIP 76600 |15 38 39.3844|-29 46 39.682|  -22.10|  -26.54|    7.33|B2.5V       | 3.66|
|HIP 75695 |15 27 49.8519|+29 06 19.770| -181.39|   86.84|   28.60|F0p         | 3.66|
|HIP 103227|20 54 48.5796|-58 27 14.741|   21.06|  -24.75|    5.41|K0III       | 3.67|
|HIP 68756 |14 04 23.4260|+64 22 32.911|  -56.52|   17.19|   10.56|A0III SB    | 3.67|
|HIP 42828 |08 43 35.5475|-33 11 11.081|  -14.28|   10.60|    3.86|B1.5III     | 3.68|
|HIP 114341|23 09 26.7621|-21 10 20.948|   55.99|   31.25|   13.96|K1III       | 3.68|
|HIP 22549 |04 51 12.3660|+05 36 18.365|   -3.62|    1.03|    2.59|B2III SB    | 3.68|
|HIP 97365 |19 47 23.2652|+18 32 03.333|   -4.58|   11.10|    7.28|M2II + B6   | 3.68|
|HIP 47854 |09 45 14.8276|-62 30 28.524|  -12.88|    8.28|    2.16|G5Iab/Ib    | 3.69|
|HIP 9007  |01 55 56.8325|-51 36 34.512|  681.24|  284.23|   57.19|G5IV        | 3.69|
|HIP 106985|21 40 05.3422|-16 39 44.112|  187.39|  -22.33|   23.48|A7III:mp... | 3.69|
|HIP 23453 |05 02 28.6801|+41 04 33.202|    8.88|  -21.43|    4.14|K4II comp   | 3.69|
|HIP 57399 |11 46 03.1341|+47 46 45.613| -138.38|   28.37|   16.64|K0III       | 3.69|
|HIP 2920  |00 36 58.2670|+53 53 48.954|   17.77|   -9.15|    5.46|B2IV        | 3.69|
|HIP 15474 |03 19 30.9697|-21 45 28.592|   51.35|   32.20|   12.63|M3/M4III    | 3.70|
|HIP 114971|23 17 09.4936|+03 16 56.083|  760.35|   17.96|   24.92|G7III       | 3.70|
|HIP 87933 |17 57 45.8307|+29 14 52.531|   82.33|  -18.73|   24.12|K0III       | 3.70|
|HIP 38414 |07 52 13.0455|-40 34 32.876|  -13.89|    5.30|    9.46|G5III...    | 3.71|
|HIP 28103 |05 56 24.3183|-14 10 04.937|  -42.23|  139.02|   66.47|F1V         | 3.71|
|HIP 22797 |04 54 15.0956|+02 26 26.417|    1.43|    0.23|    2.43|B2III SB    | 3.71|
|HIP 77622 |15 50 48.8912|+04 28 39.287|  127.98|   61.87|   46.39|A2m         | 3.71|
|HIP 98036 |19 55 18.7662|+06 24 28.560|   46.35| -481.32|   72.95|G8IVvar     | 3.71|
|HIP 88771 |18 07 21.0207|+09 33 49.152|  -61.60|   79.71|   39.40|A4IVs       | 3.71|
|HIP 16537 |03 32 56.4216|-09 27 29.901| -976.44|   17.97|  310.75|K2V         | 3.72|
|HIP 17499 |03 44 52.5235|+24 06 48.414|   21.55|  -44.92|    8.80|B6III       | 3.72|
|HIP 104060|21 04 55.8558|+43 55 40.264|    8.60|    0.35|    2.77|K5Ibv SB    | 3.72|
|HIP 28358 |05 59 31.5503|+54 17 05.935|   86.31| -134.05|   23.22|K0III       | 3.72|
|HIP 107089|21 41 28.4731|-77 23 22.064|   64.83| -240.38|   47.22|K0III       | 3.73|
|HIP 112961|22 52 36.8645|-07 34 46.844|   19.51|   32.71|    8.33|M2IIIvar    | 3.73|
|HIP 72220 |14 46 14.9918|+01 53 34.578| -116.04|  -21.75|   25.35|A0V         | 3.73|
|HIP 16083 |03 27 10.1209|+09 43 57.981|   53.61|  -38.12|   14.68|B9Vn        | 3.73|
|HIP 87585 |17 53 31.6295|+56 52 20.828|   93.65|   78.44|   29.26|K2III       | 3.73|
|HIP 8645  |01 51 27.6106|-10 20 05.803|   38.78|  -38.04|   12.59|K2III       | 3.74|
|HIP 80170 |16 21 55.2437|+19 09 10.879|  -47.44|   44.61|   16.69|A9III       | 3.74|
|HIP 104887|21 14 47.3466|+38 02 39.554|  195.74|  410.02|   47.80|F1IV        | 3.74|
|HIP 44511 |09 04 09.3205|-47 05 51.770|  -46.82|   -9.57|   10.55|K2III       | 3.75|
|HIP 87108 |17 47 53.5740|+02 42 26.851|  -23.15|  -75.12|   34.42|A0V         | 3.75|
|HIP 26069 |05 33 37.5164|-62 29 23.481|    1.06|   12.56|    3.14|F6Ia        | 3.76|
|HIP 93683 |19 04 40.9338|-21 44 28.876|   76.26|  -58.08|   23.49|K0III       | 3.76|
|HIP 27654 |05 51 19.1528|-20 52 39.050|  228.96| -647.96|   29.05|G8III/IV    | 3.76|
|HIP 30867 |06 28 49.0741|-07 01 58.982|   -7.00|   -4.97|    4.72|B3Ve        | 3.76|
|HIP 111169|22 31 17.3758|+50 16 56.819|  137.22|   17.15|   31.86|A1V         | 3.76|
|HIP 95853 |19 29 42.3393|+51 43 46.083|   20.92|  128.12|   26.63|A5Vn        | 3.76|
|HIP 41312 |08 25 44.2462|-66 08 11.474|  -35.83| -152.15|   30.21|K2IIIvar    | 3.77|
|HIP 82363 |16 49 47.1114|-59 02 28.739|   39.59|  -25.28|   10.41|K5III       | 3.77|
|HIP 42570 |08 40 37.5753|-46 38 55.518|   -6.30|    4.29|    1.05|F3Ia        | 3.77|
|HIP 105881|21 26 40.0277|-22 24 40.962|   -2.61|   18.88|    8.19|G4Ibp...    | 3.77|
|HIP 26549 |05 38 44.7653|-02 36 00.244|    4.61|   -0.40|    2.84|O9.5V...    | 3.77|
|HIP 101958|20 39 38.2545|+15 54 43.390|   54.14|    7.91|   13.55|B9V         | 3.77|
|HIP 20455 |04 22 56.0273|+17 32 33.303|  107.75|  -28.84|   21.29|G8III       | 3.77|
|HIP 109176|22 07 00.4745|+25 20 42.166|  296.73|   26.93|   85.06|F5V         | 3.77|
|HIP 17529 |03 45 11.6434|+42 34 42.760|  -14.59|    1.75|    5.86|F5IIvar     | 3.77|
|HIP 13268 |02 50 41.7928|+55 53 43.906|   16.64|  -13.76|    2.45|K3Ib comp SB| 3.77|
|HIP 34481 |07 08 44.8245|-70 29 57.100|   23.71|  108.06|   23.02|G8IIIvar    | 3.78|
|HIP 53253 |10 53 29.5662|-58 51 11.753|   79.75|   38.65|   33.71|K0III-IV... | 3.78|
|HIP 102618|20 47 40.5326|-09 29 44.484|   31.89|  -35.32|   14.21|A1V         | 3.78|
|HIP 71795 |14 41 08.9204|+13 43 41.992|   52.36|  -12.71|   18.07|A3IVn       | 3.78|
|HIP 36046 |07 25 43.6761|+27 47 53.828| -121.28|  -84.43|   25.90|G9III+...   | 3.78|
|HIP 48319 |09 50 59.6917|+59 02 20.776| -294.45| -151.75|   28.35|F0IV        | 3.78|
|HIP 55203 |11 18 11.2400|+31 31 50.800|        |        |        |G0V         | 3.79|
|HIP 53229 |10 53 18.6399|+34 12 56.039|   92.47| -286.06|   33.40|K0III-IV    | 3.79|
|HIP 14668 |03 09 29.6291|+44 51 28.400|  173.01| -142.05|   29.05|K0III       | 3.79|
|HIP 14879 |03 12 04.2800|-28 59 20.782|  371.49|  612.26|   70.86|F8V         | 3.80|
|HIP 37229 |07 38 49.8813|-26 48 14.013|  -17.00|   23.08|    7.18|B5IV        | 3.80|
|HIP 76276 |15 34 48.1902|+10 32 19.893|  -72.63|    3.17|   15.54|F0IV        | 3.80|
|HIP 99675 |20 13 37.9027|+46 44 28.767|    4.20|    1.87|    2.41|K2II+...    | 3.80|
|HIP 94779 |19 17 06.1099|+53 22 05.378|   60.22|  122.93|   26.48|K0III       | 3.80|
|HIP 51232 |10 27 52.7451|-58 44 21.871|  -13.25|    2.21|    3.13|F2II        | 3.81|
|HIP 21393 |04 35 33.0717|-30 33 44.318|  -48.92|  -12.75|   15.62|G8III       | 3.81|
|HIP 76952 |15 42 44.6382|+26 17 43.851| -112.52|   50.70|   22.48|A1Vs        | 3.81|
|HIP 116584|23 37 33.7077|+46 27 33.034|  159.22| -421.46|   38.74|G8III-IV    | 3.81|
|HIP 80883 |16 30 54.8412|+01 59 02.762|  -31.37|  -73.00|   19.63|A2V         | 3.82|
|HIP 9487  |02 02 02.8006|+02 45 49.538|   33.29|   -0.42|   23.45|A2          | 3.82|
|HIP 45688 |09 18 50.6673|+36 48 10.431|  -32.61| -123.78|   26.75|A1V         | 3.82|
|HIP 86414 |17 39 27.8924|+46 00 22.760|   -7.17|    3.97|    6.58|B3V SB      | 3.82|
|HIP 56211 |11 31 24.2885|+69 19 52.038|  -41.14|  -18.79|    9.76|M0IIIvar    | 3.82|
|HIP 72370 |14 47 51.7262|-79 02 40.965|   -5.67|  -15.75|    7.93|K5III       | 3.83|
|HIP 68245 |13 58 16.2847|-42 06 02.539|  -23.68|  -19.82|    7.01|B2IV        | 3.83|
|HIP 51069 |10 26 05.5050|-16 50 09.945| -128.51|  -80.06|   13.14|K4III       | 3.83|
|HIP 61199 |12 32 28.1110|-72 07 58.713|  -50.59|   -5.16|   10.07|B5V         | 3.84|
|HIP 17440 |03 44 11.5549|-64 48 25.538|  308.39|   78.72|   32.71|K0IV SB     | 3.84|
|HIP 43783 |08 55 02.8617|-60 38 40.963|  -28.18|   42.24|   10.45|B8III       | 3.84|
|HIP 51986 |10 37 18.2568|-48 13 32.219| -131.48|   -1.58|   37.71|A3m+...     | 3.84|
|HIP 89341 |18 13 45.8087|-21 03 31.789|    1.72|   -1.39|    0.11|B2III:      | 3.84|
|HIP 51624 |10 32 48.6751|+09 18 23.740|   -5.57|   -3.59|    0.57|B1Ib SB     | 3.84|
|HIP 20885 |04 28 34.4323|+15 57 43.982|  104.76|  -15.01|   20.66|G7III       | 3.84|
|HIP 88794 |18 07 32.5508|+28 45 44.893|   -0.17|    7.51|    9.39|B9.5V       | 3.84|
|HIP 17448 |03 44 19.1264|+32 17 17.784|    8.11|  -10.32|    2.21|B1III       | 3.84|
|HIP 97433 |19 48 10.2136|+70 16 04.207|   80.18|   39.02|   22.40|G8III       | 3.84|
|HIP 27321 |05 47 17.0833|-51 04 00.168|    4.65|   81.96|   51.87|A3V         | 3.85|
|HIP 61622 |12 37 42.3278|-48 32 28.637| -186.61|   -6.45|   24.77|A2V         | 3.85|
|HIP 19747 |04 14 00.0813|-42 17 37.943|   41.89| -203.65|   27.85|K1III       | 3.85|
|HIP 50191 |10 14 44.2738|-42 07 19.426| -150.68|   49.84|   31.72|A2V         | 3.85|
|HIP 30277 |06 22 06.8452|-33 26 10.581|  -24.19|  -52.48|   13.75|G7II        | 3.85|
|HIP 91117 |18 35 12.4379|-08 14 35.909|  -18.98| -314.63|   18.72|K2III       | 3.85|
|HIP 78072 |15 56 26.9942|+15 39 53.040|  311.20|-1282.17|   89.92|F6V         | 3.85|
|HIP 90139 |18 23 41.7668|+21 46 13.233|  195.54| -242.92|   25.40|K2III       | 3.85|
|HIP 61281 |12 33 29.0425|+69 47 17.556|  -58.14|   11.42|    6.55|B6IIIp      | 3.85|
|HIP 81065 |16 33 27.4642|-78 53 49.053| -125.68|  -77.59|   20.44|K0IV SB     | 3.86|
|HIP 79664 |16 15 26.2661|-63 41 08.336|    3.51|  -13.49|    5.25|G5II        | 3.86|
|HIP 25859 |05 31 12.7355|-35 28 13.569|   28.36|  -34.11|   11.77|K1II/III    | 3.86|
|HIP 21594 |04 38 10.8709|-14 18 12.913|  -77.86| -178.06|   29.84|K1III       | 3.86|
|HIP 110395|22 21 39.3000|-01 23 14.471|  129.24|    8.90|   20.67|A0V         | 3.86|
|HIP 87808 |17 56 15.1785|+37 15 01.878|    2.74|    7.24|    4.87|K1IIvar     | 3.86|
|HIP 4436  |00 56 45.0977|+38 29 57.318|  152.78|   36.82|   23.93|A5V         | 3.86|
|HIP 43023 |08 46 01.6547|-46 02 29.541|  -12.23|    4.82|    2.10|A1III       | 3.87|
|HIP 68282 |13 58 40.7714|-44 48 12.713|  -27.97|  -21.69|    7.81|B2IV-V      | 3.87|
|HIP 78104 |15 56 53.0867|-29 12 50.444|  -15.20|  -25.10|    7.97|B2IV/V      | 3.87|
|HIP 71957 |14 43 03.5623|-05 39 26.745|  104.23| -319.90|   53.54|F2III       | 3.87|
|HIP 97804 |19 52 28.3638|+01 00 20.442|    6.94|   -7.30|    2.78|F6Ibv SB    | 3.87|
|HIP 17573 |03 45 49.5931|+24 22 04.289|   21.09|  -45.03|    9.06|B8III       | 3.87|
|HIP 74376 |15 11 56.1610|-48 44 15.728|  -96.52|  -47.97|   17.89|B9V         | 3.88|
|HIP 765   |00 09 24.5399|-45 44 49.158|  122.15| -180.13|   23.28|K0III       | 3.88|
|HIP 114421|23 10 21.4279|-45 14 47.931|  132.42|  -26.27|   17.63|K0III SB    | 3.88|
|HIP 8832  |01 53 31.7652|+19 17 38.734|   79.43|  -99.10|   15.96|A1p Si      | 3.88|
|HIP 48455 |09 52 45.9577|+26 00 25.506| -216.29|  -54.92|   24.52|K0III       | 3.88|
|HIP 33152 |06 54 07.9548|-24 11 03.203|   -3.46|    5.02|    1.65|K3Iab       | 3.89|
|HIP 13701 |02 56 25.6038|-08 53 51.395|   77.73| -219.99|   24.49|K1III-IV    | 3.89|
|HIP 60129 |12 19 54.3914|-00 40 00.290|  -59.14|  -23.13|   13.06|A2IV        | 3.89|
|HIP 45336 |09 14 21.7933|+02 18 54.087|  112.57| -306.07|   25.34|B9.5V       | 3.89|
|HIP 98110 |19 56 18.3962|+35 05 00.567|  -34.00|  -27.60|   23.40|K0IIIvar    | 3.89|
|HIP 55425 |11 21 00.4422|-54 29 27.650|  -35.32|   -2.20|   10.15|B5Vn        | 3.90|
|HIP 65936 |13 31 02.6685|-39 24 26.207|  -15.65|  -11.25|    2.60|G8II/III    | 3.90|
|HIP 47431 |09 39 51.3340|-01 08 33.566|   47.81|  -62.92|   11.83|K3IIIvar    | 3.90|
|HIP 60823 |12 28 02.4116|-50 13 50.177|  -32.49|  -12.41|    7.36|B3V         | 3.91|
|HIP 73807 |15 05 07.1057|-47 03 04.298|  -23.39|  -21.11|    6.56|B5          | 3.91|
|HIP 76333 |15 35 31.5394|-14 47 22.393|   65.67|    6.93|   21.42|K0III       | 3.91|
|HIP 41307 |08 25 39.6709|-03 54 22.913|  -66.05|  -24.20|   26.09|A0V         | 3.91|
|HIP 18907 |04 03 09.3768|+05 59 21.513|    5.52|   -1.63|   25.24|A1V         | 3.91|
|HIP 79992 |16 19 44.4479|+46 18 47.775|  -13.15|   39.31|   10.37|B5IV        | 3.91|
|HIP 95168 |19 21 40.3753|-17 50 50.106|  -26.95|   22.24|   26.79|F0III/IV    | 3.92|
|HIP 104987|21 15 49.3967|+05 14 53.066|   59.63|  -94.33|   17.51|G0III+...   | 3.92|
|HIP 83207 |17 00 17.4062|+30 55 34.821|  -47.68|   26.89|   20.04|A0V         | 3.92|
|HIP 37504 |07 41 49.1960|-72 36 22.087|   33.38|   15.29|   24.36|K0III       | 3.93|
|HIP 54463 |11 08 35.3956|-58 58 30.151|   -5.03|    2.09|    0.55|G0Ia0       | 3.93|
|HIP 7083  |01 31 14.9815|-49 04 23.077|  138.22|  154.20|   22.15|K0III-IV    | 3.93|
|HIP 2072  |00 26 12.1162|-43 40 47.674|  106.14|   32.83|   42.51|A7V         | 3.93|
|HIP 78933 |16 06 48.4325|-20 40 08.885|  -10.55|  -23.73|    7.70|B1V         | 3.93|
|HIP 21444 |04 36 19.1406|-03 21 08.813|    1.73|   -4.54|    5.56|B2III SB    | 3.93|
|HIP 88192 |18 00 38.7155|+02 55 53.715|    0.41|   -8.22|    2.30|B5Ib        | 3.93|
|HIP 13531 |02 54 15.4625|+52 45 44.964|   -1.99|   -4.53|   13.15|G4III...    | 3.93|
|HIP 5348  |01 08 23.0601|-55 14 44.996|   21.17|   29.70|   11.66|B6V + B0V   | 3.94|
|HIP 37677 |07 43 48.4721|-28 57 17.407|   -4.57|    3.88|   -0.37|A2Iab       | 3.94|
|HIP 37447 |07 41 14.8767|-09 33 03.899|  -74.80|  -19.64|   22.61|K0III       | 3.94|
|HIP 42911 |08 44 41.1101|+18 09 17.510|  -17.10| -228.46|   23.97|K0III       | 3.94|
|HIP 103413|20 57 10.4116|+41 10 01.898|    8.51|  -23.97|    9.17|A1Vn        | 3.94|
|HIP 31592 |06 36 40.9989|-19 15 20.553|   62.32|  -69.91|   50.41|K1III+...   | 3.95|
|HIP 9598  |02 03 26.1903|+72 25 16.463|  -44.00|   22.51|   20.12|A2V         | 3.95|
|HIP 45101 |09 11 16.7679|-62 19 01.257|  -38.04|   15.93|    6.53|B3IV        | 3.96|
|HIP 95241 |19 22 38.2865|-44 27 32.076|    7.31|  -22.43|    8.62|B9V         | 3.96|
|HIP 28328 |05 59 08.7905|-42 48 54.387|   18.53|  -11.45|    6.14|K0III       | 3.96|
|HIP 95347 |19 23 53.1514|-40 36 56.327|   32.67| -120.81|   19.20|B8V         | 3.96|
|HIP 115438|23 22 58.3015|-20 06 01.242| -120.27|  -96.70|   20.14|K0III       | 3.96|
|HIP 44248 |09 00 38.7522|+41 47 00.398| -487.67| -219.29|   60.86|F5V         | 3.96|
|HIP 19343 |04 08 39.6733|+47 42 45.337|   20.19|  -33.26|    5.89|B3Ve        | 3.96|
|HIP 99848 |20 15 28.3182|+47 42 51.139|    3.88|    1.20|    2.94|K3Ib-II comp| 3.96|
|HIP 98495 |20 00 35.3933|-72 54 36.664|   80.54| -131.34|   30.73|A0V         | 3.97|
|HIP 35228 |07 16 49.8308|-67 57 25.821|   -4.11|    8.50|    4.94|F6II        | 3.97|
|HIP 59449 |12 11 39.1514|-52 22 06.296|  -42.17|  -18.39|    9.53|B3V         | 3.97|
|HIP 110997|22 29 16.1541|-43 29 43.996|   25.62|   -4.23|   11.03|G6/G8III    | 3.97|
|HIP 42515 |08 40 06.1365|-35 18 29.883|    9.68|  -21.18|    8.40|G5II/III    | 3.97|
|HIP 20535 |04 24 02.1654|-34 01 01.151|   73.77|   57.57|   11.95|K4III       | 3.97|
|HIP 77634 |15 50 57.5418|-33 37 37.578|   -5.92|  -24.91|   15.86|B9.5III-IV  | 3.97|
|HIP 112440|22 46 31.8424|+23 33 56.446|   56.99|  -10.46|    8.26|G8II-III    | 3.97|
|HIP 27673 |05 51 29.3926|+39 08 54.526|    8.48|    0.39|   15.17|K0III       | 3.97|
|HIP 18614 |03 58 57.8997|+35 47 27.697|    1.92|    2.30|    1.84|O7.5Iab:    | 3.98|
|HIP 106481|21 33 58.8729|+45 35 31.436|  -24.48|  -93.88|   26.20|G8III       | 3.98|
|HIP 50954 |10 24 23.7405|-74 01 53.561|  -16.12|  -27.63|   61.67|F2IV        | 3.99|
|HIP 114996|23 17 25.8120|-58 14 09.339|  -34.93|   79.59|   45.40|F1III       | 3.99|
|HIP 9347  |02 00 00.2248|-21 04 39.979|  133.01|  -24.53|   10.84|K5/M0III    | 3.99|
|HIP 29651 |06 14 51.3365|-06 16 29.019|   -6.18|  -20.06|    5.06|K3III       | 3.99|
|HIP 65477 |13 25 13.4156|+54 59 16.796|  120.35|  -16.94|   40.19|A5V SB      | 3.99|
|HIP 44382 |09 02 26.7988|-66 23 45.037|   -2.01|  -95.80|   26.24|Am          | 4.00|
|HIP 79374 |16 11 59.7405|-19 27 38.329|   -9.70|  -25.25|    7.47|B2IV        | 4.00|
|HIP 55642 |11 23 55.3688|+10 31 46.912|  140.75|  -77.80|   41.26|F2IV SB     | 4.00|
|HIP 91792 |18 43 02.1338|-71 25 39.823|    1.25| -158.29|   15.55|K2III       | 4.01|
|HIP 80000 |16 19 50.5676|-50 09 19.365| -159.36|  -52.84|   25.58|G8III       | 4.01|
|HIP 71865 |14 41 57.6128|-37 47 36.326|  -29.56|  -30.68|   10.69|B2.5V       | 4.01|
|HIP 35037 |07 14 48.6616|-26 46 21.670|  -11.50|    7.67|    3.53|B2IV/Ve     | 4.01|
|HIP 22109 |04 45 30.1410|-03 15 16.649|   17.27|  -13.51|    6.13|B5IV        | 4.01|
|HIP 34088 |07 04 06.5354|+20 34 13.078|   -5.72|   -0.96|    2.79|G3Ibv SB    | 4.01|
|HIP 101076|20 29 23.7310|+30 22 06.804|    6.87|   -0.64|    4.30|F5II        | 4.01|
|HIP 8068  |01 43 39.6153|+50 41 19.556|   24.08|  -13.59|    4.55|B2Vpe       | 4.01|
|HIP 78527 |16 01 53.7037|+58 33 51.975| -320.07|  334.96|   47.79|F8IV-V      | 4.01|
|HIP 43409 |08 50 32.0113|-27 42 36.211| -133.49|   88.16|   15.63|K3III       | 4.02|
|HIP 59199 |12 08 24.7527|-24 43 43.608|  100.18|  -39.33|   67.71|F0IV/V      | 4.02|
|HIP 93429 |19 01 40.8414|-05 44 20.466|  -24.15|  -39.73|   21.95|K1IIIvar    | 4.02|
|HIP 93244 |18 59 37.3892|+15 04 06.519|  -52.68|  -73.81|   21.22|K2III       | 4.02|
|HIP 63003 |12 54 35.6576|-57 10 40.408|  -30.45|  -13.55|    8.64|B2IV-V      | 4.03|
|HIP 88601 |18 05 27.2128|+02 30 08.781|  124.56| -962.66|  196.62|K0V SB      | 4.03|
|HIP 118268|23 59 18.6024|+06 51 48.937|  148.49| -112.16|   30.78|F4IV        | 4.03|
|HIP 101421|20 33 12.7648|+11 18 11.996|   10.75|  -28.54|    9.09|B6III       | 4.03|
|HIP 43103 |08 46 41.8343|+28 45 36.018|  -20.69|  -43.95|   10.94|G8Iab:      | 4.03|
|HIP 10670 |02 17 18.8357|+33 50 50.356|   44.91|  -52.42|   27.73|A1Vnn       | 4.03|
|HIP 23522 |05 03 25.0973|+60 26 32.213|   -6.11|  -14.78|    3.27|G0Ib        | 4.03|
|HIP 19587 |04 11 51.9332|-06 50 16.003|   11.92|   81.28|   25.98|F2II-III    | 4.04|
|HIP 111497|22 35 21.3289|-00 07 02.500|   88.56|  -56.10|   17.77|B9IV-Vn     | 4.04|
|HIP 57380 |11 45 51.5706|+06 31 47.330|  -19.65| -180.02|   10.42|M0III       | 4.04|
|HIP 70497 |14 25 12.0194|+51 51 06.169| -236.06| -399.07|   68.63|F7V         | 4.04|
|HIP 40702 |08 18 31.2668|-76 55 11.937|  109.84|  106.92|   51.40|F5III       | 4.05|
|HIP 71536 |14 37 53.2511|-49 25 32.728|  -27.78|  -29.05|   10.51|B5V         | 4.05|
|HIP 42884 |08 44 23.9660|-42 38 57.564|  -23.88|   19.46|   14.27|G5III       | 4.05|
|HIP 70090 |14 20 33.4793|-37 53 06.962|  -64.50|  -11.39|   13.19|A0IV        | 4.05|
|HIP 112716|22 49 35.5098|-13 35 33.135|  -12.58|  -38.80|    8.58|K5III       | 4.05|
|HIP 55434 |11 21 08.2482|+06 01 45.670|  -91.76|  -12.83|   15.24|B9.5Vs      | 4.05|
|HIP 67459 |13 49 28.6979|+15 47 52.101|  -93.64|   40.76|   13.29|K5IIIvar    | 4.05|
|HIP 14632 |03 09 02.8833|+49 36 48.600| 1262.29|  -91.53|   94.93|G0V         | 4.05|
|HIP 59929 |12 17 34.6363|-67 57 38.418| -231.26|  -26.37|   10.80|M5III       | 4.06|
|HIP 60009 |12 18 26.2927|-64 00 10.964|  -33.19|  -10.38|    9.03|B2.5V       | 4.06|
|HIP 83153 |16 59 35.0467|-53 09 37.764|    1.12|   21.53|   10.72|K4III       | 4.06|
|HIP 72010 |14 43 39.4835|-35 10 23.612|  -60.93| -176.82|   15.89|K3III       | 4.06|
|HIP 55705 |11 24 52.9832|-17 41 02.463|  -97.01|    3.22|   38.90|A9V         | 4.06|
|HIP 22957 |04 56 22.3211|+13 30 52.479|  -77.77|  -45.97|   19.26|K2III       | 4.06|
|HIP 36962 |07 35 55.3723|+26 53 45.612|  -39.58| -108.08|   13.57|K5III       | 4.06|
|HIP 74824 |15 17 30.9602|-58 48 03.164|  -98.39| -135.46|   33.75|A3V         | 4.07|
|HIP 74117 |15 08 50.6296|-45 16 47.259|  -17.32|  -26.11|    8.02|B3V         | 4.07|
|HIP 69701 |14 16 00.8849|-05 59 58.294|  -25.84| -419.84|   46.74|F7V         | 4.07|
|HIP 110991|22 29 10.2479|+58 24 54.684|   16.47|    3.55|    3.32|G2Ibvar     | 4.07|
|HIP 11001 |02 21 45.0230|-68 39 33.926|  -50.07|    2.38|   24.10|A3V         | 4.08|
|HIP 46974 |09 34 26.6630|-59 13 47.165|  -11.23|    6.02|    1.65|B5II        | 4.08|
|HIP 14146 |03 02 23.5931|-23 37 27.610| -145.96|  -55.76|   37.85|A4V         | 4.08|
|HIP 53740 |10 59 46.7488|-18 17 56.750| -462.39|  129.11|   18.71|K1III       | 4.08|
|HIP 104139|21 05 56.7794|-17 13 57.759|   79.64|  -61.64|   20.61|A1V         | 4.08|
|HIP 33160 |06 54 11.4807|-12 02 18.934| -139.04|  -14.47|   12.94|K4III       | 4.08|
|HIP 12387 |02 39 28.9483|+00 19 42.660|   14.44|   -2.53|    5.04|B2IV        | 4.08|
|HIP 105502|21 22 05.1339|+19 48 15.681|  105.94|   62.61|   21.19|K1III       | 4.08|
|HIP 3693  |00 47 20.3902|+24 16 02.557| -101.23|  -81.89|   17.98|K1II        | 4.08|
|HIP 92862 |18 55 20.0852|+43 56 45.213|   19.94|   80.60|    9.33|M5IIIvar    | 4.08|
|HIP 26366 |05 36 54.3307|+09 17 29.083|   96.84| -304.18|   28.10|G8III-IV    | 4.09|
|HIP 77450 |15 48 44.4086|+18 08 30.405|  -51.78|  -88.72|    9.36|M1III       | 4.09|
|HIP 90568 |18 28 49.7360|-49 04 12.111|  137.90| -229.14|   25.60|G8/K0III    | 4.10|
|HIP 38164 |07 49 14.2990|-46 22 23.618|   -4.62|    9.04|    1.66|B0III       | 4.10|
|HIP 94160 |19 10 01.7524|-39 20 26.544|    5.89|  -36.78|    6.42|K0II/IIICN. | 4.10|
|HIP 7513  |01 36 47.9770|+41 24 22.986| -172.57| -381.01|   74.25|F8V         | 4.10|
|HIP 12777 |02 44 11.6880|+49 13 43.199|  334.03|  -89.96|   89.03|F7V         | 4.10|
|HIP 51839 |10 35 28.2184|-78 36 28.130|  -38.00|   11.53|    7.89|M0III       | 4.11|
|HIP 76440 |15 36 43.1869|-66 19 00.857|   24.51|  -54.66|   15.09|K0III       | 4.11|
|HIP 57439 |11 46 30.8490|-61 10 42.093|  -21.85|  -16.23|    7.51|G0II        | 4.11|
|HIP 113638|23 00 52.8743|-52 45 14.780|  -65.09|  -12.91|   28.99|G8III       | 4.11|
|HIP 42312 |08 37 38.6414|-42 59 20.773|  -10.38|    9.47|    2.27|A6II        | 4.11|
|HIP 12486 |02 40 39.9317|-39 51 19.113|  135.17|  -27.34|   22.42|K0III       | 4.11|
|HIP 94114 |19 09 28.2783|-37 54 15.262|   85.73|  -96.65|   25.15|A0/A1V      | 4.11|
|HIP 34045 |07 03 45.4932|-15 37 59.732|   -0.81|  -11.20|    8.11|B8II        | 4.11|
|HIP 48356 |09 51 28.6825|-14 50 47.580|   18.68|  -21.88|   11.92|G6/G8III    | 4.11|
|HIP 12394 |02 39 35.2237|-68 16 01.011|   87.40|    0.56|   21.27|B9III       | 4.12|
|HIP 111043|22 29 45.4455|-43 44 57.221|  -14.93|    1.79|   10.04|M4.5IIIa    | 4.12|
|HIP 98032 |19 55 15.6791|-41 52 06.289|   23.37|   51.60|   17.24|K0III       | 4.12|
|HIP 102978|20 51 49.2962|-26 55 08.855|   -7.97|   -2.54|    5.19|K4III       | 4.12|
|HIP 58948 |12 05 12.6696|+08 43 58.244| -220.32|   57.52|   19.08|G8III       | 4.12|
|HIP 28614 |06 02 22.9904|+09 38 50.523|   14.19|  -37.44|   21.49|Am...       | 4.12|
|HIP 19812 |04 14 53.8577|+48 24 33.743|    5.04|  -17.35|    4.51|G0Ib...     | 4.12|
|HIP 112405|22 46 03.7233|-81 22 53.822|  -55.35|    0.88|   23.23|A9IV/V      | 4.13|
|HIP 102485|20 46 05.7661|-25 16 13.861|  -51.38| -156.66|   68.16|F5V         | 4.13|
|HIP 77853 |15 53 49.4771|-16 43 46.640|  100.12|  135.27|   20.02|K0III       | 4.13|
|HIP 25247 |05 23 56.8364|-07 48 28.640|  -13.91|  -44.80|   18.71|G8III       | 4.13|
|HIP 116771|23 39 56.8203|+05 37 38.473|  376.32| -437.00|   72.51|F7V         | 4.13|
|HIP 30883 |06 28 57.7905|+20 12 43.802|   -5.98|  -14.08|    6.49|B6III       | 4.13|
|HIP 59072 |12 06 52.8529|-64 36 49.100|   34.27|  -37.49|   50.79|F2III       | 4.14|
|HIP 42313 |08 37 39.4074|+05 42 13.675|  -70.27|   -6.99|   18.21|A1Vnn       | 4.14|
|HIP 16369 |03 30 52.3670|+12 56 12.055|   18.94|   -1.55|    9.05|K0II-III... | 4.14|
|HIP 17608 |03 46 19.5603|+23 56 54.463|   21.17|  -42.67|    9.08|B6IV        | 4.14|
|HIP 107354|21 44 38.7042|+25 38 42.010|   46.66|   13.47|   28.34|F5IV        | 4.14|
|HIP 78159 |15 57 35.3019|+26 52 40.895|  -76.55|  -60.24|   14.20|K3III       | 4.14|
|HIP 76127 |15 32 55.7959|+31 21 32.959|  -19.62|   -8.94|   10.49|B6Vnn       | 4.14|
|HIP 109937|22 15 58.1702|+37 44 55.445|    8.74|    0.76|    5.20|K3III       | 4.14|
|HIP 34769 |07 11 51.8604|-00 29 34.010|   -0.22|    6.68|    8.70|A2V         | 4.15|
|HIP 85112 |17 23 40.9729|+37 08 45.326|  -38.58|    9.19|    8.12|B9.5III     | 4.15|
|HIP 116805|23 40 24.4418|+44 20 02.320|   81.33|  -18.96|   19.22|B9IVn       | 4.15|
|HIP 85340 |17 26 22.2174|-24 10 30.084|   -1.97| -117.69|   38.96|A3IV:m      | 4.16|
|HIP 78727 |16 04 21.6300|-11 22 24.800|        |        |        |F6IV        | 4.16|
|HIP 28734 |06 04 07.2165|+23 15 49.075|   -2.60| -119.72|   21.64|G7III       | 4.16|
|HIP 36366 |07 29 06.6097|+31 47 02.686|  159.33|  193.82|   54.06|F0V...      | 4.16|
|HIP 17874 |03 49 27.2809|-36 12 00.405|  -49.42|  -56.63|   15.54|G8III       | 4.17|
|HIP 110003|22 16 49.9664|-07 46 59.653|  118.95|  -21.91|   17.04|G8III-IV    | 4.17|
|HIP 2599  |00 32 59.9865|+62 55 54.436|    3.99|   -2.10|    0.79|B1Ia        | 4.17|
|HIP 81304 |16 36 22.4609|-35 15 19.280|   14.72|   12.14|    9.63|K5III       | 4.18|
|HIP 111954|22 40 39.3256|-27 02 37.013|   22.01|   -0.88|    4.38|B8V         | 4.18|
|HIP 69427 |14 12 53.7410|-10 16 26.558|    8.04|  140.79|   14.59|K3III       | 4.18|
|HIP 69732 |14 16 23.1764|+46 05 16.508| -187.42|  159.01|   33.58|A0sh        | 4.18|
|HIP 109857|22 15 01.6790|+57 02 36.475|  476.45|   50.00|   38.86|F0IV        | 4.18|
|HIP 67457 |13 49 26.7513|-34 27 02.269|  -42.59|  -59.87|   18.39|M5III       | 4.19|
|HIP 92043 |18 45 39.7312|+20 32 49.645|   -9.25| -335.65|   52.37|F6V         | 4.19|
|HIP 113246|22 55 56.8920|-32 32 22.927|   10.84|   30.32|   19.14|G8III       | 4.20|
|HIP 38835 |07 56 51.5583|-22 52 48.535|  -29.61|   12.28|    6.49|F7/F8II     | 4.20|
|HIP 25813 |05 30 47.0479|+05 56 53.585|    6.57|  -32.45|   11.30|B5V         | 4.20|
|HIP 112447|22 46 41.4415|+12 10 26.702|  233.06| -492.04|   61.54|F7V         | 4.20|
|HIP 51233 |10 27 53.0925|+36 42 26.921| -127.52| -109.62|   22.34|G8III-IV    | 4.20|
|HIP 81126 |16 34 06.1893|+42 26 12.824|   -9.03|   59.80|   10.79|B9Vvar      | 4.20|
|HIP 105858|21 26 26.4921|-65 22 05.320|   81.08|  800.68|  108.50|F6V         | 4.21|
|HIP 20635 |04 25 22.0988|+22 17 38.332|  105.49|  -44.14|   21.27|A7IV-V      | 4.21|
|HIP 16228 |03 29 04.1344|+59 56 25.205|   -0.82|   -1.85|    0.76|B9Ia        | 4.21|
|HIP 101093|20 29 34.8273|+62 59 38.894|   45.00|  -13.31|   24.04|A7III       | 4.21|
|HIP 82080 |16 45 58.1615|+82 02 14.103|   19.54|    4.67|    9.41|G5IIIvar    | 4.21|
|HIP 92609 |18 52 13.0365|-62 11 15.218|   -1.33|  -13.53|    1.80|B2II-III    | 4.22|
|HIP 38518 |07 53 18.1629|-48 06 10.614|   -4.90|    5.89|    1.68|B0.5Ib      | 4.22|
|HIP 78918 |16 06 35.5563|-36 48 07.967|  -15.84|  -31.06|    7.94|B2.5Vn      | 4.22|
|HIP 17651 |03 46 50.9890|-23 14 54.377| -159.86| -528.54|   55.79|F3/F5V      | 4.22|
|HIP 80569 |16 27 01.4383|-18 27 22.309|   -5.58|  -22.22|    6.67|B2Vne       | 4.22|
|HIP 114724|23 14 19.3325|-06 02 54.696|   46.22| -195.85|   14.68|M2III       | 4.22|
|HIP 92175 |18 47 10.4773|-04 44 52.183|   -7.71|  -15.89|    4.73|G5II...     | 4.22|
|HIP 102453|20 45 39.7591|+30 43 10.764|   -8.01|   24.04|   15.84|K0III       | 4.22|
|HIP 92791 |18 54 30.2887|+36 53 54.979|   -6.73|    3.26|    3.63|M4IIvar     | 4.22|
|HIP 13254 |02 50 34.9142|+38 19 08.070|  195.68| -108.92|   25.54|F2III       | 4.22|
|HIP 105102|21 17 24.9525|+39 23 40.885|    0.43|   -3.61|    0.72|B9Iab       | 4.22|
|HIP 89908 |18 20 45.4412|+71 20 15.818|   -5.91|   35.79|   11.28|A0p (Si)    | 4.22|
|HIP 81852 |16 43 05.4196|-77 30 59.659| -282.83| -355.03|   20.69|K0III       | 4.23|
|HIP 1599  |00 20 01.9142|-64 52 39.444| 1707.56| 1165.36|  116.38|F9V         | 4.23|
|HIP 93825 |19 06 25.0396|-37 03 45.926|   96.93| -279.67|   55.89|F7IV-V      | 4.23|
|HIP 67153 |13 45 41.5666|-33 02 36.118| -461.85| -146.17|   51.91|F3V         | 4.23|
|HIP 68520 |14 01 38.7832|+01 32 40.500|   17.41|  -21.20|   14.94|A3V         | 4.23|
|HIP 64394 |13 11 52.9227|+27 52 33.736| -801.94|  882.70|  109.23|G0V         | 4.23|
|HIP 37629 |07 43 18.6853|+28 53 02.658|   61.84| -231.26|   26.68|K1III SB    | 4.23|
|HIP 79101 |16 08 46.1993|+44 56 05.348|  -25.98|   35.86|   14.27|B9MNp...    | 4.23|
|HIP 107533|21 46 47.6059|+49 18 34.469|    3.61|   -1.86|    2.82|B3III       | 4.23|
|HIP 107259|21 43 30.4549|+58 46 48.191|    5.24|   -2.88|    0.62|M2Ia        | 4.23|
|HIP 60000 |12 18 20.9439|-79 18 44.168|  -38.07|   12.00|   12.05|B5Vn        | 4.24|
|HIP 11407 |02 26 59.1050|-47 42 13.777|   19.97|   -5.44|    6.17|B5IV        | 4.24|
|HIP 80911 |16 31 22.9415|-34 42 15.555|  -11.51|  -18.56|    4.37|B2III-IV    | 4.24|
|HIP 12770 |02 44 07.3545|-13 51 31.233|   -7.58|   -8.40|    7.40|B7IV        | 4.24|
|HIP 86565 |17 41 24.9165|-12 52 30.622|  -72.16|  -55.22|   19.41|A2Va        | 4.24|
|HIP 114855|23 15 53.2769|-09 05 15.704|  368.56|  -17.02|   21.97|K0III       | 4.24|
|HIP 61317 |12 33 45.0925|+41 21 24.364| -705.06|  292.93|  119.46|G0V         | 4.24|
|HIP 5372  |01 08 44.1594|+86 15 25.625|   80.34|  -11.36|   10.43|K2II-III    | 4.24|
|HIP 5896  |01 15 45.4953|-68 52 34.453|  411.11|  127.43|   48.94|F6IV        | 4.25|
|HIP 62896 |12 53 26.1460|-40 10 43.747|   69.64|  -21.83|   21.03|A4IV        | 4.25|
|HIP 23972 |05 09 08.7830|-08 45 14.674|    0.00|   -2.01|    1.86|B2IVn       | 4.25|
|HIP 21402 |04 35 39.2336|+10 09 39.301|   44.89|  -52.42|   21.68|A5m         | 4.25|
|HIP 21476 |04 36 41.4336|+41 15 53.477|   -5.42|  -19.19|    5.08|G8II comp   | 4.25|
|HIP 41075 |08 22 50.1301|+43 11 18.140|  -25.62|  -99.44|    8.39|K5III       | 4.25|
|HIP 19167 |04 06 35.0553|+50 21 04.861|  -13.03|  -36.37|    9.41|A0IVn       | 4.25|
|HIP 107418|21 45 26.9293|+61 07 14.918|   -3.08|   -1.86|    0.64|A2Iavar     | 4.25|
|HIP 70692 |14 27 31.5225|+75 41 45.381|    8.71|   22.09|    9.46|K4III       | 4.25|
|HIP 19893 |04 16 01.4914|-51 29 13.545|  100.57|  184.23|   49.26|F4III       | 4.26|
|HIP 15510 |03 19 53.2248|-43 04 17.577| 3038.08|  726.34|  165.02|G8V         | 4.26|
|HIP 86170 |17 36 32.8468|-38 38 05.515|  -18.47| -182.29|   22.64|G8/K0III/IV | 4.26|
|HIP 16611 |03 33 47.2479|-21 37 58.137|   44.91|  -27.47|   11.02|B9V         | 4.26|
|HIP 8198  |01 45 23.5887|+09 09 27.508|   70.82|   38.99|   12.63|K0III       | 4.26|
|HIP 44066 |08 58 29.1970|+11 51 27.979|   41.45|  -29.22|   18.79|A5m         | 4.26|
|HIP 88267 |18 01 30.4029|+21 35 44.477|    7.55|   38.79|    6.93|G5          | 4.26|
|HIP 5434  |01 09 30.1222|+47 14 30.567|    3.81|  -13.02|    4.43|B7III       | 4.26|
|HIP 108917|22 03 47.1619|+64 37 39.915|  214.46|   89.29|   32.07|Am          | 4.26|
|HIP 22783 |04 54 03.0106|+66 20 33.577|    0.49|    7.31|    0.47|O9.5Ia SB:  | 4.26|
|HIP 64004 |13 06 54.6630|-49 54 22.377|  -26.24|  -12.43|    7.92|B1.5V       | 4.27|
|HIP 74911 |15 18 32.0486|-47 52 30.691|  -31.74|  -32.82|   11.22|B8V         | 4.27|
|HIP 95294 |19 23 13.0606|-44 47 58.732|   92.78|  -53.73|   23.52|F2III       | 4.27|
|HIP 115830|23 27 58.1678|+06 22 44.750| -123.83|  -43.26|   20.54|K1III       | 4.27|
|HIP 4906  |01 02 56.6559|+07 53 24.261|  -80.57|   25.88|   17.14|K0III       | 4.27|
|HIP 19860 |04 15 32.0452|+08 53 32.676|   20.39|  -21.75|    7.50|B3IV        | 4.27|
|HIP 12828 |02 44 56.3734|+10 06 51.191|  285.17|  -30.40|   38.71|F1III-IV    | 4.27|
|HIP 21589 |04 38 09.4017|+12 30 39.147|  101.73|  -14.90|   21.79|A6V         | 4.27|
|HIP 102532|20 46 39.5180|+16 07 29.184|  -25.88| -196.27|   32.14|K1IV        | 4.27|
|HIP 21881 |04 42 14.7035|+22 57 25.112|   -2.84|  -20.33|    8.14|B3V         | 4.27|
|HIP 114131|23 06 52.7685|-43 31 13.168|  -48.35|  -13.98|   24.51|F5me...     | 4.28|
|HIP 51172 |10 27 09.1559|-31 04 04.088|  -80.42|    9.63|    8.90|K4III       | 4.28|
|HIP 85423 |17 27 21.2640|-29 52 00.118|   14.38| -137.41|   29.26|F3III       | 4.28|
|HIP 105515|21 22 14.7774|-16 50 04.399|   30.83|    5.26|   15.13|G8III       | 4.28|
|HIP 20711 |04 26 18.3948|+22 48 49.298|  108.66|  -45.83|   21.07|A8Vn        | 4.28|
|HIP 109410|22 09 59.2526|+33 10 41.763|  -12.34|  -17.94|   12.96|F5III       | 4.28|
|HIP 99655 |20 13 23.8011|+56 34 03.080|   60.85|   82.26|   21.41|A3IV-Vn     | 4.28|
|HIP 47193 |09 37 05.3519|+81 19 35.115|  -16.77|  -15.95|    3.03|K3III       | 4.28|
|HIP 52154 |10 39 18.4125|-55 36 11.805|  -18.87|    4.31|    3.62|G2II        | 4.29|
|HIP 57936 |11 52 54.5613|-33 54 29.269|  -58.02|    2.40|    8.93|Ap Si       | 4.29|
|HIP 111188|22 31 30.2896|-32 20 45.701|   59.64|  -18.70|   21.99|A1V         | 4.29|
|HIP 80894 |16 31 08.3949|-16 36 45.505|  -44.57|  -38.04|   15.53|G8/K0III    | 4.29|
|HIP 109139|22 06 26.2053|-13 52 10.344|   40.45|  -57.16|   18.90|B8V         | 4.29|
|HIP 24845 |05 19 34.5260|-13 10 36.397|   -2.49|   -4.74|    3.03|B0.5IV      | 4.29|
|HIP 16852 |03 36 52.5190|+00 24 10.199| -232.69| -482.00|   72.89|F9V         | 4.29|
|HIP 116631|23 38 08.1791|+43 16 05.074|   27.72|   -1.21|    6.49|B8V         | 4.29|
|HIP 77055 |15 44 03.4639|+77 47 40.196|   20.07|   -2.50|    8.68|A3Vn        | 4.29|
|HIP 57669 |11 49 41.0880|-63 47 18.561|  -17.93|    4.44|    7.10|B3V         | 4.30|
|HIP 70069 |14 20 19.5527|-56 23 11.325|   -9.29|   -7.57|    2.75|B6Ib        | 4.30|
|HIP 17797 |03 48 35.8229|-37 37 12.464|   75.83|  -10.69|   20.23|A+...       | 4.30|
|HIP 4577  |00 58 36.3459|-29 21 26.872|   22.44|    6.30|    4.85|B7IIIp      | 4.30|
|HIP 61174 |12 32 04.4848|-16 11 45.116| -424.37|  -58.41|   54.92|F2V         | 4.30|
|HIP 100027|20 17 38.8561|-12 30 29.571|   22.24|    0.75|    4.75|G3Ib        | 4.30|
|HIP 56647 |11 36 56.9299|-00 49 25.875|    1.30|   43.43|   18.31|G9III       | 4.30|
|HIP 42799 |08 43 13.4864|+03 23 55.195|  -19.14|   -1.29|    6.99|B3V...      | 4.30|
|HIP 11484 |02 28 09.5179|+08 27 36.319|   41.72|  -14.46|   18.53|B9III       | 4.30|
|HIP 20648 |04 25 29.3174|+17 55 40.761|  108.26|  -32.47|   22.05|A2IV        | 4.30|
|HIP 17531 |03 45 12.4821|+24 28 02.564|   19.35|  -41.63|    8.75|B6V         | 4.30|
|HIP 53417 |10 55 36.8480|+24 44 59.116|  -78.41|  -14.89|   11.29|A1          | 4.30|
|HIP 28404 |05 59 56.1014|+45 56 12.312|   -2.42|   -7.32|    3.88|M3IIvar     | 4.30|
|HIP 70638 |14 26 55.7408|-83 40 04.271|  -95.79|  -12.91|   11.70|K2III       | 4.31|
|HIP 42568 |08 40 37.0352|-59 45 39.653|   -6.87|    4.92|    2.31|B1.5III     | 4.31|
|HIP 78990 |16 07 24.3001|-20 52 07.155|   43.68|  -45.30|   12.32|G6/G8III    | 4.31|
|HIP 101847|20 38 20.2735|-01 06 18.286|   15.66|  -17.01|    8.50|G8III SB    | 4.31|
|HIP 75411 |15 24 29.5362|+37 22 37.059| -147.68|   84.69|   26.96|F0V         | 4.31|
|HIP 58758 |12 03 01.6991|-63 18 46.602| -152.53|    6.10|   14.19|Am          | 4.32|
|HIP 72683 |14 51 38.3233|-43 34 31.058|  -24.79|  -26.80|    8.00|B5IV        | 4.32|
|HIP 67669 |13 51 49.6252|-32 59 38.459|  -35.74|  -30.14|   10.96|B5          | 4.32|
|HIP 21763 |04 40 26.4939|-19 40 16.525|   28.21|  -97.09|    9.03|M3/M4III    | 4.32|
|HIP 43067 |08 46 22.5275|-13 32 51.738|   17.57|   -6.22|   14.38|G8III       | 4.32|
|HIP 84880 |17 20 49.6356|-12 50 48.775|   42.75|    2.72|   16.86|A0/A1V      | 4.32|
|HIP 64241 |13 09 59.5494|+17 31 44.818| -445.95|  129.69|   69.81|F5V         | 4.32|
|HIP 25945 |05 32 12.7512|+18 35 39.283|   -0.34|   -4.51|    1.70|M2Ib        | 4.32|
|HIP 46750 |09 31 43.2404|+22 58 05.036|  -19.38|  -39.04|    9.69|K5IIIvar    | 4.32|
|HIP 29696 |06 15 22.7366|+29 29 55.364|  -70.90| -261.73|   19.31|G8IIIvar    | 4.32|
|HIP 16826 |03 36 29.3601|+48 11 33.722|   21.41|  -27.58|    4.66|B5Ve        | 4.32|
|HIP 88866 |18 08 34.7908|-63 40 04.974|   17.45| -207.64|   23.55|Am          | 4.33|
|HIP 62867 |12 53 06.9766|-48 56 35.711|  -79.18|  -25.34|   10.77|K3/K4III    | 4.33|
|HIP 70576 |14 26 10.8016|-45 22 45.339|   13.55|   -6.35|   10.38|A7:+...     | 4.33|
|HIP 84405 |17 15 21.2873|-26 36 00.176| -473.69|-1143.93|  167.08|K2:III:     | 4.33|
|HIP 36284 |07 28 09.8295|+08 55 31.814|  -59.29|   10.76|    8.20|K3III SB    | 4.33|
|HIP 89826 |18 19 51.7212|+36 03 52.009|  -16.14|   41.32|   13.71|K2IIIvar    | 4.33|
|HIP 40888 |08 20 38.8879|-77 29 04.475| -129.09|   40.78|   21.22|K0III-IV    | 4.34|
|HIP 27100 |05 44 46.4191|-65 44 07.947|  -28.38|    6.12|   22.48|A7V         | 4.34|
|HIP 45496 |09 16 12.1024|-57 32 29.176|  -27.77|  -14.77|    6.08|M1III       | 4.34|
|HIP 47175 |09 36 49.6570|-49 21 18.463| -130.56|   42.29|   30.35|A5V         | 4.34|
|HIP 68523 |14 01 43.4920|-45 36 12.132|    3.89|  -20.94|    7.28|F6II        | 4.34|
|HIP 76552 |15 38 03.3223|-42 34 02.946| -147.60|   56.35|   14.19|K4.5III     | 4.34|
|HIP 31125 |06 31 51.3682|-23 25 06.374|   -2.72|    6.45|    1.59|B1III       | 4.34|
|HIP 85355 |17 26 30.8796|+04 08 25.233|    1.25|    7.09|    2.78|K3IIvar     | 4.34|
|HIP 107348|21 44 30.6905|+17 21 00.157|    7.90|  -10.75|    3.62|G5Ib        | 4.34|
|HIP 92161 |18 47 01.2224|+18 10 52.427|   83.74|  119.01|   35.17|A5III       | 4.34|
|HIP 3031  |00 38 33.4993|+29 18 44.528| -229.41| -254.08|   19.34|G5III...    | 4.34|
|HIP 2912  |00 36 52.8390|+33 43 09.668|   15.23|   -3.56|    4.97|B5V         | 4.34|
|HIP 91971 |18 44 46.3359|+37 36 18.181|   29.26|   26.57|   21.23|Am          | 4.34|
|HIP 111022|22 29 31.8227|+47 42 24.822|   -0.60|   -3.37|    2.80|M0II        | 4.34|
|HIP 5542  |01 11 05.9307|+55 08 59.812|  226.62|  -19.34|   23.73|A7Vvar      | 4.34|
|HIP 39794 |08 07 55.8408|-68 37 01.691|  -29.88|   30.58|    5.08|B6IV        | 4.35|
|HIP 90098 |18 23 13.6206|-61 29 38.058|    0.53|    1.70|    7.76|M1III SB    | 4.35|
|HIP 31407 |06 34 58.5874|-52 58 32.284|   -7.65|   11.33|    1.85|B9III       | 4.35|
|HIP 107380|21 44 56.7878|-33 01 31.991|   31.79|  -94.00|   15.93|B9.5V       | 4.35|
|HIP 74857 |15 17 49.8449|-30 08 55.184|   -8.71|   -4.47|   10.59|K1II/III    | 4.35|
|HIP 43234 |08 48 25.9808|+05 50 16.385|  -17.51|  -29.79|    9.67|A0Vn        | 4.35|
|HIP 22509 |04 50 36.7223|+08 54 00.909|   -0.87|  -31.57|   16.84|A1Vn        | 4.35|
|HIP 14838 |03 11 37.6697|+19 43 36.112|  154.61|   -8.39|   19.44|K2IIIvar    | 4.35|
|HIP 60742 |12 26 56.3276|+28 16 07.031|  -83.41|  -80.99|   19.18|K2IIICN+... | 4.35|
|HIP 94713 |19 16 22.0954|+38 08 01.420|   -0.49|    1.23|    4.24|K0II        | 4.35|
|HIP 33449 |06 57 16.5985|+58 25 23.015|    6.58| -123.53|   19.14|G5III-IV    | 4.35|
|HIP 85822 |17 32 12.8972|+86 35 10.785|   10.54|   53.97|   17.85|A1Vn        | 4.35|
|HIP 2484  |00 31 32.5608|-62 57 29.108|   82.48|  -54.37|   23.35|B9V         | 4.36|
|HIP 3405  |00 43 21.2440|-57 27 47.151|   -5.16|   15.50|   13.57|A0IV        | 4.36|
|HIP 68862 |14 06 02.7860|-41 10 46.489|  -24.42|  -21.63|    7.31|B2V         | 4.36|
|HIP 28199 |05 57 32.2119|-35 16 59.905|   -2.65|   11.19|    3.82|B2.5IV      | 4.36|
|HIP 33347 |06 56 08.2263|-17 03 15.288|   -2.46|    1.91|    1.06|B3Ib/II     | 4.36|
|HIP 24327 |05 13 13.8850|-12 56 28.638|  -12.22|   -1.32|    5.83|B7V         | 4.36|
|HIP 22701 |04 52 53.6804|-05 27 09.921|  -18.01|   25.03|   14.39|A9IV        | 4.36|
|HIP 39863 |08 08 35.6577|-02 59 01.595|  -16.79|   -3.89|    1.76|G2Ib        | 4.36|
|HIP 96468 |19 36 43.2765|-01 17 11.582|    1.89|  -20.75|   10.61|B5III       | 4.36|
|HIP 10324 |02 13 00.0110|+08 50 48.308|  -26.23|  -14.40|    9.01|G8II:       | 4.36|
|HIP 19038 |04 04 41.6579|+22 04 55.444|   91.73|  -58.52|   18.04|K0III       | 4.36|
|HIP 16335 |03 30 34.4822|+47 59 42.619|    1.56|   18.13|    9.23|K3III       | 4.36|
|HIP 53773 |11 00 09.2458|-42 13 33.131|   23.00|    4.50|   15.99|A3IV        | 4.37|
|HIP 98412 |19 59 44.1743|-35 16 34.480|    6.02|  -25.15|    5.28|B2.5IV      | 4.37|
|HIP 29807 |06 16 33.1354|-35 08 26.634|    0.39|   87.58|   17.83|G8II        | 4.37|
|HIP 35415 |07 18 42.4879|-24 57 15.784|   -1.82|    3.74|    1.02|O9Ib        | 4.37|
|HIP 154   |00 01 57.5916|-06 00 50.298|   46.62|  -41.32|    7.86|M3III       | 4.37|
|HIP 88886 |18 08 45.4926|+20 48 52.459|   -2.71|   -6.20|    2.14|B2IV        | 4.37|
|HIP 116231|23 32 58.1881|-37 49 06.092|   96.39|   37.58|   18.28|B9.5IVMNpe. | 4.38|
|HIP 115669|23 26 02.8174|-20 38 30.700|  -50.13|  -62.97|   10.57|K4III       | 4.38|
|HIP 64238 |13 09 57.0120|-05 32 20.148|  -35.08|  -32.80|    7.86|A1V         | 4.38|
|HIP 99255 |20 08 53.3164|+77 42 40.902|   11.11|   23.72|    9.97|B9III       | 4.38|
|HIP 105319|21 19 51.8838|-53 26 57.352|  107.37|  -67.12|   33.58|A5V         | 4.39|
|HIP 8837  |01 53 38.8197|-46 18 08.807|  -92.38|  -91.46|   10.15|M4III SB    | 4.39|
|HIP 84893 |17 21 00.2103|-21 06 44.766|  262.01| -204.74|   57.48|F2/F3V      | 4.39|
|HIP 73620 |15 02 54.0700|+02 05 28.577|  -55.93|   12.94|   17.78|K0III       | 4.39|
|HIP 39311 |08 02 15.9533|+02 20 03.531|  -28.04|  105.49|   12.49|K2III       | 4.39|
|HIP 30419 |06 23 46.0977|+04 35 34.220|  -20.88|   10.75|   25.39|A5IV        | 4.39|
|HIP 26176 |05 34 49.2378|+09 29 22.507|   -1.24|   -2.49|    3.31|B0IV...     | 4.39|
|HIP 49637 |10 07 54.3188|+09 59 51.590|  -81.10|  -64.20|   11.89|K4III       | 4.39|
|HIP 82673 |16 54 00.5034|+10 09 55.596|  -53.75|  -34.68|   13.95|B8V         | 4.39|
|HIP 96837 |19 41 02.9337|+17 28 34.045|    9.06|  -33.90|    6.99|G8II        | 4.39|
|HIP 96757 |19 40 05.7825|+18 00 50.178|   15.09|  -19.72|    6.89|G0II        | 4.39|
|HIP 27913 |05 54 23.0839|+20 16 35.094| -163.17|  -98.92|  115.43|G0V         | 4.39|
|HIP 17884 |03 49 31.2854|+65 31 33.623|   -2.50|  -13.98|    3.38|M1III       | 4.39|
|HIP 93015 |18 56 57.0407|-67 14 00.726|   -7.83|   16.65|    6.00|F5Ib-II:    | 4.40|
|HIP 108431|21 57 55.0310|-54 59 33.240|   43.00|   -3.67|   17.65|F0IV        | 4.40|
|HIP 38070 |07 48 05.1749|-25 56 13.850|  -10.22|    4.92|    1.32|B1IV:nne    | 4.40|
|HIP 39906 |08 09 01.6434|-19 14 42.003|   -9.97|   -5.46|    6.90|B5V         | 4.40|
|HIP 4463  |00 57 12.4278|+23 25 03.936|  -43.72|  -46.06|   13.44|G8III-IV    | 4.40|
|HIP 32761 |06 49 51.3161|-53 37 20.972|   -2.27|   17.57|    5.90|G6II        | 4.41|
|HIP 70300 |14 23 02.2573|-39 30 42.358|  -24.32|  -21.81|    7.79|B2V         | 4.41|
|HIP 115102|23 18 49.4268|-32 31 54.609|   19.65|  -78.57|   18.24|K1III       | 4.41|
|HIP 115033|23 17 54.2036|-09 10 56.964|   19.63|   -9.64|   10.13|B5Vn        | 4.41|
|HIP 85693 |17 30 44.2980|+26 06 38.176|   18.39|   16.78|    8.88|K3IIIvar    | 4.41|
|HIP 87998 |17 58 30.1497|+30 11 21.368|   -0.48|    3.23|    4.10|F2II        | 4.41|
|HIP 34693 |07 11 08.3916|+30 14 43.010|  -31.00|  -48.40|   10.81|K2III       | 4.41|
|HIP 105138|21 17 55.0679|+34 53 48.772|   11.96|    6.85|    3.62|B2Vne       | 4.41|
|HIP 114222|23 07 53.8381|+75 23 15.293|    5.74|  -35.10|   14.83|G2III       | 4.41|
|HIP 34922 |07 13 32.2309|-44 38 25.906|  107.12|  325.32|   16.46|M5e         | 4.42|
|HIP 40326 |08 14 02.8871|-40 20 51.829|   44.84|  -65.79|   10.50|K1II/III    | 4.42|
|HIP 72571 |14 50 17.4667|-27 57 36.789| -237.37|  -62.37|   10.68|K3III       | 4.42|
|HIP 34981 |07 14 15.2164|-26 21 09.058|   -6.58|    3.89|    2.07|B3III       | 4.42|
|HIP 31700 |06 37 53.4259|-18 14 14.846|   -6.86|   -8.47|    7.03|K0II/III    | 4.42|
|HIP 88290 |18 01 45.1895|+01 18 18.394|   15.43|  -13.61|   12.31|A2Vn        | 4.42|
|HIP 77257 |15 46 26.7459|+07 21 11.663| -225.51|  -68.52|   85.08|G0Vvar      | 4.42|
|HIP 29038 |06 07 34.3219|+14 46 06.683|    4.95|  -21.18|    6.10|B3IV        | 4.42|
|HIP 53954 |11 02 19.7812|+20 10 47.085|   -9.60|   39.57|   26.37|A1m         | 4.42|
|HIP 115623|23 25 22.6614|+23 24 14.445|  193.12|   36.47|   18.83|F8IV        | 4.42|
|HIP 110538|22 23 33.6364|+52 13 46.198|  -13.56| -186.37|   19.21|G9III       | 4.42|
|HIP 98688 |20 02 39.4593|-27 42 35.567|   32.28|   14.35|    7.28|M4III       | 4.43|
|HIP 17593 |03 46 08.5024|-12 06 06.247|   55.59|   60.03|    6.56|M1III       | 4.43|
|HIP 19849 |04 15 17.6382|-07 38 40.410|-2239.33|-3419.86|  198.24|K1V         | 4.43|
|HIP 102624|20 47 44.2379|-05 01 39.371|   -3.30|  -40.24|    7.33|M3IIIvar    | 4.43|
|HIP 102281|20 43 27.5457|+15 04 28.856|  -19.61|  -41.74|   16.03|A7IIIp d Del| 4.43|
|HIP 100587|20 23 51.5960|+32 11 24.670|   35.71|   -5.81|   12.77|K3III       | 4.43|
|HIP 94481 |19 13 45.4887|+39 08 45.491|   -1.59|   -0.61|    3.13|B2.5IV      | 4.43|
|HIP 23040 |04 57 17.2204|+53 45 07.498|  -24.17|    7.53|    8.68|A1V         | 4.43|
|HIP 19921 |04 16 29.0835|-59 18 06.294|  -47.99| -167.81|   54.84|K2IV        | 4.44|
|HIP 71121 |14 32 37.0835|-50 27 25.637|  -29.55|  -14.85|    5.68|B2III       | 4.44|
|HIP 21770 |04 40 33.8231|-41 51 48.853| -141.18|  -74.95|   49.67|F2V         | 4.44|
|HIP 40091 |08 11 21.5002|-39 37 06.791|   -8.91|    3.10|    1.74|K4III       | 4.44|
|HIP 40706 |08 18 33.3932|-36 39 34.318| -111.27|  100.62|   35.06|A4m...      | 4.44|
|HIP 36795 |07 34 03.2060|-22 17 46.251|  -40.38|   46.84|   38.91|F6V         | 4.44|
|HIP 1170  |00 14 38.4327|-18 55 57.671|  -27.15|  -73.78|    6.62|M1III       | 4.44|
|HIP 3786  |00 48 40.8954|+07 35 06.727|   83.14|  -50.48|   10.69|K5III       | 4.44|
|HIP 95771 |19 28 42.4110|+24 39 54.593| -126.45| -106.99|   11.00|M0 comp     | 4.44|
|HIP 30060 |06 19 37.3908|+59 00 39.259|   -3.51|   24.43|   21.88|A2Vs        | 4.44|
|HIP 52633 |10 45 47.1358|-80 32 24.730|  -37.33|    6.19|    8.97|B2.5IV      | 4.45|
|HIP 51849 |10 35 35.3146|-57 33 27.488|  -15.43|   -0.16|    2.37|K3/K4II     | 4.45|
|HIP 44191 |09 00 05.4401|-41 15 13.456|  -40.67|   54.59|   16.19|Fp          | 4.45|
|HIP 13147 |02 49 05.3595|-32 24 22.623|   86.96|  158.96|   19.31|G8III       | 4.45|
|HIP 80975 |16 32 08.1866|-21 27 59.320|   20.21|   36.23|   18.66|Ap          | 4.45|
|HIP 24244 |05 12 17.8874|-11 52 08.914|   24.95|  -31.22|   13.53|B8V         | 4.45|
|HIP 55084 |11 16 39.7641|-03 39 05.451| -108.15|  -35.76|   16.69|A7IVn       | 4.45|
|HIP 42402 |08 38 45.4488|+03 20 29.309|  -19.03|  -16.29|    9.25|K2III       | 4.45|
|HIP 7884  |01 41 25.9076|+05 29 15.376|  -22.73|    3.61|    8.86|K3III       | 4.45|
|HIP 96229 |19 34 05.2277|+07 22 45.549|  212.76| -155.39|   29.50|K3III       | 4.45|
|HIP 29426 |06 11 56.3968|+14 12 31.731|   -1.59|  -20.23|    5.14|B3IV        | 4.45|
|HIP 94648 |19 15 33.2937|+73 21 18.772| -116.60|  104.25|   21.73|K3III       | 4.45|
|HIP 59173 |12 08 05.2563|-50 39 40.516|  -34.07|   -9.85|    8.68|B2IIIne     | 4.46|
|HIP 80582 |16 27 11.0478|-47 33 17.049|  -13.72|  -20.63|    8.16|B4V         | 4.46|
|HIP 112948|22 52 31.5579|-32 52 31.621|  -33.32|  -22.15|   14.67|A0III       | 4.46|
|HIP 54682 |11 11 39.4863|-22 49 32.183|    4.73|  -99.06|   12.26|A1V         | 4.46|
|HIP 18255 |03 54 17.4866|-02 57 17.041|   26.42|    1.49|    9.46|G8III       | 4.46|
|HIP 24331 |05 13 17.4796|+02 51 40.512|    3.05|    4.94|    9.49|K3III...    | 4.46|
|HIP 44901 |09 08 52.3857|+51 36 17.018| -137.81|  -32.48|   34.12|Am          | 4.46|
|HIP 11569 |02 29 03.9882|+67 24 08.582|  -27.92|   37.06|   23.04|A5p Sr      | 4.46|
|HIP 44599 |09 05 08.8303|-72 36 09.698|   -8.44|   -4.72|    7.18|F6II-III    | 4.47|
|HIP 38957 |07 58 14.4439|-49 14 41.743|   -7.48|    6.91|    2.80|B1Vp + B2   | 4.47|
|HIP 57803 |11 51 08.7516|-45 10 24.418|  -72.42|   -8.62|    7.03|K4III       | 4.47|
|HIP 109111|22 06 06.9036|-39 32 34.977|  -24.16| -125.17|   13.20|M0III       | 4.47|
|HIP 30788 |06 28 10.2175|-32 34 48.466|  -13.78|   24.24|    8.03|B4V         | 4.47|
|HIP 12843 |02 45 05.9815|-18 34 21.543|  330.93|   36.28|   71.56|F5/F6V      | 4.47|
|HIP 73165 |14 57 11.0568|-04 20 45.911|  -97.83| -154.56|   35.83|F0V         | 4.47|
|HIP 23123 |04 58 32.9029|+01 42 50.526|   -1.59|   -7.93|    3.42|K2IIvar     | 4.47|
|HIP 31216 |06 32 54.2296|+07 19 58.725|   -3.89|   -5.80|    2.16|A0Ib        | 4.47|
|HIP 104858|21 14 28.7901|+10 00 27.787|   42.32| -303.43|   54.11|F5V+...     | 4.47|
|HIP 46146 |09 24 39.2793|+26 10 56.787|  -31.13|  -48.06|   15.28|K2III       | 4.47|
|HIP 15549 |03 20 20.3663|+29 02 54.594|   -8.21|  -16.42|    5.09|K2II-III    | 4.47|
|HIP 71284 |14 34 40.6905|+29 44 41.306|  188.32|  132.72|   64.66|F3Vwvar     | 4.47|
|HIP 47006 |09 34 49.4949|+52 03 05.643|  -65.07|  -37.30|   12.21|A2V         | 4.47|
|HIP 18744 |04 00 53.8050|-62 09 33.729|    1.80|   34.95|    6.65|M4III       | 4.48|
|HIP 75323 |15 23 22.6578|-59 19 14.514|  -10.29|  -36.57|    6.40|B5III + F8  | 4.48|
|HIP 114119|23 06 40.8073|-23 44 35.220|   59.90|    0.53|   17.32|G8III       | 4.48|
|HIP 80343 |16 24 06.1973|-20 02 13.961|  -21.48|  -47.53|   18.32|K0III       | 4.48|
|HIP 49641 |10 07 56.2956|-00 22 17.860|  -26.17|   -3.65|   11.35|A0III       | 4.48|
|HIP 32578 |06 47 51.6568|+02 24 43.881|  -12.97|  -12.36|    8.74|K0III       | 4.48|
|HIP 113889|23 03 52.6065|+03 49 12.252|   12.86|  -10.13|    6.62|B6Ve        | 4.48|
|HIP 20713 |04 26 20.6717|+15 37 06.046|  114.66|  -33.30|   20.86|F0V...      | 4.48|
|HIP 3504  |00 44 43.5021|+48 17 03.777|   17.79|   -7.62|    3.60|B5III       | 4.48|
|HIP 118322|23 59 54.9101|-65 34 37.480|   48.63|  -22.33|    8.71|B9IV        | 4.49|
|HIP 34834 |07 12 33.7409|-46 45 34.432| -135.60|  106.79|   47.22|F0IV        | 4.49|
|HIP 38455 |07 52 38.6533|-38 51 46.159|   -9.49|    4.02|    5.09|B2V         | 4.49|
|HIP 21248 |04 33 30.6295|-29 45 56.995| -114.35| -271.56|   26.22|K0III       | 4.49|
|HIP 104234|21 07 07.6854|-25 00 20.693|  -27.19|  -43.37|    6.24|K5/M0III    | 4.49|
|HIP 116971|23 42 43.2849|-14 32 41.073|   98.35|  -66.78|   21.16|B9V         | 4.49|
|HIP 116928|23 42 02.8818|+01 46 49.502| -129.55| -154.87|   32.38|A7V         | 4.49|
|HIP 32249 |06 43 59.2941|+13 13 41.315|   -2.29|  -51.80|   11.82|K1III       | 4.49|
|HIP 71762 |14 40 43.5610|+16 25 05.885|    9.64|    9.46|   10.28|B9p MnHg    | 4.49|
|HIP 107310|21 44 08.4045|+28 44 35.600|  260.33| -242.73|   44.64|F6V         | 4.49|
|HIP 49593 |10 07 25.7251|+35 14 40.890|   50.97|    0.64|   35.78|A7V         | 4.49|
|HIP 96441 |19 36 26.5424|+50 13 13.668|   -8.15|  262.98|   53.78|F4V         | 4.49|
|HIP 9480  |02 01 57.5498|+70 54 25.366|  -54.46|  -10.69|   27.91|A3IV        | 4.49|
|HIP 43105 |08 46 42.5592|-56 46 11.270|   -9.40|    8.64|    5.97|B3Vne       | 4.50|
|HIP 27530 |05 49 49.5768|-56 09 59.359|   81.61|  -71.77|   18.78|K1III       | 4.50|
|HIP 50676 |10 20 54.8150|-56 02 35.606|  -18.15|    1.49|    2.34|B3III       | 4.50|
|HIP 109285|22 08 22.9532|-32 59 18.234|   80.05|  -28.88|   25.01|A2V         | 4.50|
|HIP 106039|21 28 43.3160|-21 48 25.800|  133.97|   -5.47|   18.18|K0III       | 4.50|
|HIP 104459|21 09 35.5928|-11 22 17.957|   92.31|  -15.76|   19.93|G8III       | 4.50|
|HIP 26594 |05 39 11.1459|+04 07 17.280|    0.76|    0.07|    2.01|B3IIIe      | 4.50|
|HIP 67275 |13 47 16.0366|+17 27 24.388| -480.33|   54.18|   64.12|F7V         | 4.50|
|HIP 57565 |11 47 59.2264|+20 13 08.188| -145.47|   -4.04|   14.40|A comp SB   | 4.50|
|HIP 99874 |20 15 46.1574|+27 48 51.223|  -34.37|    5.77|    9.94|K3III       | 4.50|
|HIP 109754|22 13 52.7015|+39 42 53.601|   37.65|   15.55|    5.79|K3III       | 4.50|
|HIP 111944|22 40 30.7824|+44 16 34.610|   94.18|   10.00|   10.81|K3III       | 4.50|
|HIP 110838|22 27 19.8731|-64 57 58.965|   68.68|   10.21|   12.21|B8V         | 4.51|
|HIP 47391 |09 39 21.0409|-61 19 41.179|  -34.89|   18.60|   14.57|B9V         | 4.51|
|HIP 102333|20 44 02.1867|-51 55 15.026|  155.49|  -53.64|   41.38|A6:var      | 4.51|
|HIP 46515 |09 29 14.7375|-35 57 04.852|  -24.74|    5.07|    4.66|K3III       | 4.51|
|HIP 106723|21 37 04.8228|-19 27 57.649|   13.48|    0.81|    4.92|B3V:p       | 4.51|
|HIP 76852 |15 41 33.0923|+19 40 13.820|  -59.86|  -43.23|   16.97|A1V         | 4.51|
|HIP 5586  |01 11 39.5867|+30 05 23.027|   74.29|  -37.61|   20.11|K0III-IV... | 4.51|
|HIP 1473  |00 18 19.7053|+36 47 07.178|  -66.51|  -42.48|   23.11|A2V         | 4.51|
|HIP 27483 |05 49 10.4595|+39 10 52.080|  -28.42|  -25.55|   15.34|G8III       | 4.51|
|HIP 117863|23 54 23.0373|+57 29 57.806|   -4.54|   -3.45|    0.28|F8Iavar     | 4.51|
|HIP 98702 |20 02 49.0472|+67 52 24.415|   16.43|   47.80|    8.02|K3III       | 4.51|
|HIP 65387 |13 24 00.4434|-64 32 08.221|   29.10|  -20.96|   12.69|G5III-IV    | 4.52|
|HIP 65271 |13 22 37.9798|-60 59 18.082|  -35.50|  -15.19|    9.20|B3V         | 4.52|
|HIP 89112 |18 11 13.7762|-45 57 15.577|  -16.28|  -37.26|    7.98|G5III       | 4.52|
|HIP 95176 |19 21 43.6220|-15 57 18.008|    1.79|   -6.27|    1.95|F2p         | 4.52|
|HIP 69974 |14 19 06.6019|-13 22 16.199|  -17.12|   29.39|   17.47|A1V         | 4.52|
|HIP 106140|21 29 56.8797|+23 38 19.785|   24.39|    3.52|    7.37|M1III       | 4.52|
|HIP 73745 |15 04 26.8571|+26 56 51.575| -176.31|   -4.52|   13.04|K2III       | 4.52|
|HIP 13061 |02 47 54.4415|+29 14 50.726|  148.42| -125.76|   18.06|K1III       | 4.52|
|HIP 111104|22 30 29.2616|+43 07 24.203|   -2.05|   -5.76|    2.38|B2IV        | 4.52|
|HIP 102431|20 45 21.1966|+57 34 49.073|  -62.95| -235.56|   36.87|F8IV-V      | 4.52|
|HIP 2487  |00 31 33.3552|-62 57 55.619|   87.95|  -45.79|   18.95|A2V         | 4.53|
|HIP 37096 |07 37 22.1200|-34 58 06.854|  -13.65|   16.53|    9.10|B8IV/V      | 4.53|
|HIP 87072 |17 47 33.6271|-27 49 50.745|   -3.62|  -10.67|    3.03|F7II        | 4.53|
|HIP 85365 |17 26 37.9351|-05 05 11.371|  -91.53|  -42.75|   33.28|F3V         | 4.53|
|HIP 28413 |06 00 03.3454|-03 04 26.677|    6.87|  -72.71|    7.77|K2IIIvar    | 4.53|
|HIP 102589|20 47 24.5270|+36 29 26.652|   14.93|   -8.20|    3.71|B6IV        | 4.53|
|HIP 3881  |00 49 48.8297|+41 04 44.237|   22.68|  -18.05|    4.80|B5V SB      | 4.53|
|HIP 114570|23 12 32.9229|+49 24 21.510|   89.78|   95.57|   40.82|F0V         | 4.53|
|HIP 69483 |14 13 28.9499|+51 47 23.966|   61.39|  -10.57|   21.03|A8IV        | 4.53|
|HIP 75304 |15 23 09.3633|-36 51 30.371|  -18.05|  -21.53|    5.38|B4V         | 4.54|
|HIP 98162 |19 56 56.8249|-27 10 11.505|    9.60|  -14.95|    2.70|K3III       | 4.54|
|HIP 31416 |06 35 03.3799|-22 57 53.399|   13.11|   16.52|    7.92|A0III       | 4.54|
|HIP 74392 |15 12 13.3122|-19 47 29.873|  -35.59|  -32.55|    8.66|Asp...      | 4.54|
|HIP 46776 |09 31 58.9348|-01 11 04.756|  -11.42|   -3.87|    7.11|A3V         | 4.54|
|HIP 114144|23 07 00.2558|+09 24 34.281|    6.73|  -12.76|   10.13|M2III       | 4.54|
|HIP 115919|23 29 09.2603|+12 45 37.773|   59.62|   25.18|   18.34|G8III       | 4.54|
|HIP 72659 |14 51 23.2842|+19 06 02.280|  152.81|  -71.28|  149.26|G8V + K4V   | 4.54|
|HIP 24727 |05 18 10.5481|+33 22 19.215|   29.86| -160.98|   13.92|K3III...    | 4.54|
|HIP 46952 |09 34 13.3770|+36 23 51.408|    6.82|  -22.89|   18.52|G8III       | 4.54|
|HIP 46977 |09 34 28.9679|+69 49 48.555|  -63.90|   77.59|   30.89|G4III-IV    | 4.54|
|HIP 76371 |15 35 53.2650|-44 57 30.013|  -20.42|  -21.48|    7.51|B3IVp       | 4.55|
|HIP 23595 |05 04 24.3118|-35 28 58.334|  126.17|  -44.36|   17.63|K2III       | 4.55|
|HIP 88839 |18 08 04.9630|-28 27 25.259|   24.77|  -31.59|    9.38|K0IIICNpvar | 4.55|
|HIP 80079 |16 20 38.1834|-24 10 09.423|   -4.23|  -14.71|    2.77|A4II/III    | 4.55|
|HIP 301   |00 03 44.3724|-17 20 09.492|   28.57|   -7.28|   14.31|B9IVn       | 4.55|
|HIP 36425 |07 29 47.7821|+12 00 23.800|    1.26|  -19.26|    5.82|K2III       | 4.55|
|HIP 110351|22 21 01.5283|+46 32 11.633|   21.72|    1.92|    6.40|B6V         | 4.55|
|HIP 110609|22 24 30.9957|+49 28 35.043|   -5.12|   -3.37|    1.54|B9Iab       | 4.55|
|HIP 48402 |09 52 06.3602|+54 03 51.429|   -4.21|   19.18|    7.47|A3IV        | 4.55|
|HIP 16281 |03 29 54.7460|+58 52 43.509|   -1.94|   -1.14|    1.32|A0Ia SB:    | 4.55|
|HIP 107119|21 41 55.0761|+71 18 40.273|  119.48|   94.49|   18.55|K0III       | 4.55|
|HIP 33694 |07 00 03.8480|+76 58 38.789|   73.18|  -13.88|   17.43|K4III       | 4.55|
|HIP 18597 |03 58 44.7375|-61 24 00.542|    9.79|  -14.39|    6.15|M2III       | 4.56|
|HIP 86092 |17 35 39.6113|-46 30 20.127|  -25.13|  -38.32|    8.46|A0V         | 4.56|
|HIP 70574 |14 26 08.2351|-45 13 17.004|  -13.51|  -14.02|    3.15|B2IV        | 4.56|
|HIP 54951 |11 15 12.2431|+23 05 43.891|  -22.24|   -9.48|    0.49|M3III       | 4.56|
|HIP 103004|20 52 07.7256|+27 05 49.660|  -72.33|  -60.95|   15.06|G8III       | 4.56|
|HIP 27830 |05 53 19.6436|+27 36 44.227|    3.82|   -9.58|    7.45|A0V         | 4.56|
|HIP 13328 |02 51 30.8309|+35 03 35.619|    9.29|  -63.02|    7.97|K5III       | 4.56|
|HIP 44700 |09 06 31.7881|+38 27 08.101|  -28.37|  -14.34|    4.81|G8Ib-II     | 4.56|
|HIP 104194|21 06 36.0881|+47 38 54.261|    6.51|   -0.99|    3.32|K4II        | 4.56|
|HIP 94005 |19 08 20.9330|-40 29 47.895|   48.05|  -26.84|   18.67|K1III       | 4.57|
|HIP 16870 |03 37 05.6781|-40 16 28.239|    2.77|  -14.23|   14.88|K0III       | 4.57|
|HIP 80473 |16 25 35.1211|-23 26 49.624|   -5.61|  -25.04|    8.27|B2V         | 4.57|
|HIP 80463 |16 25 24.9296|+14 02 00.295|   39.39|  -59.89|   13.87|B9p Cr      | 4.57|
|HIP 92818 |18 54 44.8812|+22 38 42.265|    6.40|    1.03|    6.71|G4III+...   | 4.57|
|HIP 97886 |19 53 27.6808|+24 04 46.292|   22.78|   36.29|    9.08|B9.5III     | 4.57|
|HIP 86614 |17 41 56.3070|+72 08 58.197|   26.60| -269.77|   45.38|F5IV-V      | 4.57|
|HIP 52468 |10 43 32.3077|-60 33 59.857|  -15.22|    3.12|    3.06|K3Ib        | 4.58|
|HIP 64425 |13 12 17.6293|-59 55 13.931|  -28.54|  -17.46|    9.42|B8V         | 4.58|
|HIP 48374 |09 51 40.6884|-46 32 51.519|  -24.41|    9.80|    3.01|G5Ib        | 4.58|
|HIP 79404 |16 12 18.2117|-27 55 34.736|  -10.31|  -23.17|    6.97|B2V         | 4.58|
|HIP 86284 |17 37 50.7198|-08 07 07.397|  -11.70|  -20.38|    5.94|B8II-IIIMNp | 4.58|
|HIP 26237 |05 35 23.1617|-04 50 18.026|    4.29|   -7.15|    4.15|B2III...    | 4.58|
|HIP 115250|23 20 38.2232|+23 44 25.293|   30.48|   -9.14|   19.50|A5V         | 4.58|
|HIP 67627 |13 51 25.9376|+64 43 23.818|    1.45|   -4.55|    8.33|M3III       | 4.58|
|HIP 54751 |11 12 36.0203|-60 19 03.471|   -6.23|    2.33|    0.26|A6Ia        | 4.59|
|HIP 50555 |10 19 36.7652|-55 01 45.532|  -14.79|    4.03|    2.19|K3II        | 4.59|
