HIP	RA	Dec	Vmag
122	00 01 35.85	-77 03 55.1	4.78
154	00 01 57.59	-06 00 50.3	4.37
301	00 03 44.37	-17 20 09.5	4.55
355	00 04 30.12	-10 30 34.2	4.99
443	00 05 20.15	-05 42 28.2	4.61
677	00 08 23.17	+29 05 27.0	2.07
746	00 09 10.09	+59 09 00.8	2.28
765	00 09 24.54	-45 44 49.2	3.88
910	00 11 15.91	-15 28 02.4	4.89
1067	00 13 14.15	+15 11 01.0	2.83
1168	00 14 36.11	+20 12 24.1	4.79
1170	00 14 38.43	-18 55 57.7	4.44
1366	00 17 05.54	+38 40 54.0	4.61
1473	00 18 19.71	+36 47 07.2	4.51
1562	00 19 25.68	-08 49 25.8	3.56
1599	00 20 01.91	-64 52 39.4	4.23
2021	00 25 39.20	-77 15 18.1	2.82
2072	00 26 12.12	-43 40 47.7	3.93
2081	00 26 16.87	-42 18 18.4	2.4
2210	00 27 55.71	-33 00 25.4	4.86
2472	00 31 24.86	-48 48 12.8	4.76
2484	00 31 32.56	-62 57 29.1	4.36
2487	00 31 33.36	-62 57 55.6	4.53
2505	00 31 46.32	+54 31 20.4	4.74
2599	00 32 59.99	+62 55 54.4	4.17
2912	00 36 52.84	+33 43 09.7	4.34
2920	00 36 58.27	+53 53 49.0	3.69
3031	00 38 33.50	+29 18 44.5	4.34
3092	00 39 19.60	+30 51 40.4	3.27
3179	00 40 30.39	+56 32 14.7	2.24
3245	00 41 19.58	-46 05 06.0	4.59
3300	00 42 03.88	+50 30 45.1	4.8
3405	00 43 21.24	-57 27 47.2	4.36
3414	00 43 28.09	+47 01 28.7	4.95
3419	00 43 35.23	-17 59 12.1	2.04
3455	00 44 11.41	-10 36 33.4	4.77
3504	00 44 43.50	+48 17 03.8	4.48
3693	00 47 20.39	+24 16 02.6	4.08
3786	00 48 40.90	+07 35 06.7	4.44
3801	00 48 49.99	+50 58 05.5	4.9
3821	00 49 05.10	+57 48 59.6	3.46
3881	00 49 48.83	+41 04 44.2	4.53
4147	00 53 00.49	-01 08 39.2	4.78
4151	00 53 04.28	+61 07 24.8	4.8
4292	00 55 00.19	+58 58 22.1	4.83
4422	00 56 40.01	+59 10 52.2	4.62
4427	00 56 42.50	+60 43 00.3	2.15
4436	00 56 45.10	+38 29 57.3	3.86
4463	00 57 12.43	+23 25 03.9	4.4
4577	00 58 36.35	-29 21 26.9	4.3
4906	01 02 56.66	+07 53 24.3	4.27
5165	01 06 05.11	-46 43 06.6	3.32
5348	01 08 23.06	-55 14 45.0	3.94
5364	01 08 35.26	-10 10 54.9	3.46
5372	01 08 44.16	+86 15 25.6	4.24
5434	01 09 30.12	+47 14 30.6	4.26
5447	01 09 43.80	+35 37 15.0	2.07
5542	01 11 05.93	+55 08 59.8	4.34
5571	01 11 27.19	+21 02 04.8	4.66
5586	01 11 39.59	+30 05 23.0	4.51
5742	01 13 44.94	+24 35 01.6	4.67
5862	01 15 10.57	-45 31 55.5	4.97
5896	01 15 45.50	-68 52 34.5	4.25
6193	01 19 27.98	+27 15 50.7	4.74
6242	01 20 04.92	+58 13 53.8	4.95
6411	01 22 20.39	+45 31 43.5	4.87
6537	01 24 01.45	-08 10 57.9	3.6
6670	01 25 37.21	-14 35 55.5	4.9
6686	01 25 48.60	+60 14 07.5	2.66
6692	01 25 55.90	+68 07 47.8	4.72
6813	01 27 39.09	+45 24 25.0	4.83
6867	01 28 21.94	-43 19 03.8	3.41
7007	01 30 10.94	+06 08 38.2	4.84
7083	01 31 14.98	-49 04 23.1	3.93
7097	01 31 28.99	+15 20 45.0	3.62
7294	01 33 55.93	+59 13 55.5	4.68
7513	01 36 47.98	+41 24 23.0	4.1
7588	01 37 42.75	-57 14 12.0	0.45
7607	01 37 59.50	+48 37 42.6	3.59
7818	01 40 34.80	+40 34 37.6	4.96
7884	01 41 25.91	+05 29 15.4	4.45
7918	01 41 46.52	+42 36 49.7	4.96
7999	01 42 43.52	-03 41 24.4	4.98
8068	01 43 39.62	+50 41 19.6	4.01
8102	01 44 05.13	-15 56 22.4	3.49
8198	01 45 23.59	+09 09 27.5	4.26
8497	01 49 35.19	-10 41 10.3	4.66
8645	01 51 27.61	-10 20 05.8	3.74
8796	01 53 04.90	+29 34 45.8	3.42
8832	01 53 31.77	+19 17 38.7	3.88
8833	01 53 33.34	+03 11 14.9	4.61
8837	01 53 38.82	-46 18 08.8	4.39
8886	01 54 23.68	+63 40 12.5	3.35
8903	01 54 38.35	+20 48 29.9	2.64
8928	01 54 56.01	-67 38 50.9	4.68
9007	01 55 56.83	-51 36 34.5	3.69
9009	01 56 00.00	+68 41 07.0	4.97
9061	01 56 40.16	-22 31 36.2	4.92
9095	01 57 09.99	-47 23 07.1	4.82
9153	01 57 55.78	+23 35 45.9	4.79
9236	01 58 45.87	-61 34 11.7	2.86
9347	02 00 00.22	-21 04 40.0	3.99
9480	02 01 57.55	+70 54 25.4	4.49
9487	02 02 02.80	+02 45 49.5	3.82
9505	02 02 18.07	+54 29 15.2	4.99
9598	02 03 26.19	+72 25 16.5	3.95
9640	02 03 53.92	+42 19 47.5	2.1
9677	02 04 29.43	-29 17 48.6	4.68
9884	02 07 10.29	+23 27 46.0	2.01
9977	02 08 29.15	+37 51 33.1	4.78
10053	02 09 25.29	+25 56 23.9	4.98
10064	02 09 32.52	+34 59 14.6	3.0
10280	02 12 22.32	+30 18 11.6	4.94
10324	02 13 00.01	+08 50 48.3	4.36
10340	02 13 13.34	+44 13 54.1	4.84
10602	02 16 30.50	-51 30 43.6	3.56
10644	02 17 02.42	+34 13 29.4	4.84
10670	02 17 18.84	+33 50 50.4	4.03
11001	02 21 45.02	-68 39 33.9	4.08
11313	02 25 37.40	+50 16 43.2	4.73
11345	02 25 57.01	-12 17 25.6	4.88
11407	02 26 59.10	-47 42 13.8	4.24
11484	02 28 09.52	+08 27 36.3	4.3
11569	02 29 03.99	+67 24 08.6	4.46
11767	02 31 47.08	+89 15 50.9	1.97
11783	02 32 05.28	-15 14 39.6	4.74
11918	02 33 50.71	-28 13 56.4	4.96
12093	02 35 52.49	+05 35 35.9	4.87
12387	02 39 28.95	+00 19 42.7	4.08
12390	02 39 33.73	-11 52 17.7	4.83
12394	02 39 35.22	-68 16 01.0	4.12
12413	02 39 47.92	-42 53 29.9	4.74
12486	02 40 39.93	-39 51 19.1	4.11
12623	02 42 14.93	+40 11 39.8	4.91
12706	02 43 18.12	+03 14 10.2	3.47
12719	02 43 27.11	+27 42 25.8	4.65
12770	02 44 07.35	-13 51 31.2	4.24
12777	02 44 11.69	+49 13 43.2	4.1
12828	02 44 56.37	+10 06 51.2	4.27
12843	02 45 05.98	-18 34 21.5	4.47
12876	02 45 32.53	-67 37 00.2	4.83
13061	02 47 54.44	+29 14 50.7	4.52
13147	02 49 05.36	-32 24 22.6	4.45
13209	02 49 58.99	+27 15 38.8	3.61
13244	02 50 28.54	-75 04 00.8	4.76
13254	02 50 34.91	+38 19 08.1	4.22
13268	02 50 41.79	+55 53 43.9	3.77
13288	02 51 02.35	-21 00 14.3	4.76
13328	02 51 30.83	+35 03 35.6	4.56
13531	02 54 15.46	+52 45 45.0	3.93
13701	02 56 25.60	-08 53 51.4	3.89
13847	02 58 15.72	-40 18 17.0	2.88
13879	02 58 45.65	+39 39 46.2	4.68
13884	02 58 47.77	-64 04 16.7	4.98
13905	02 59 03.71	+35 10 59.2	4.94
13914	02 59 12.73	+21 20 25.6	4.63
13954	02 59 42.90	+08 54 26.6	4.71
14135	03 02 16.78	+04 05 23.7	2.54
14146	03 02 23.59	-23 37 27.6	4.08
14328	03 04 47.79	+53 30 23.2	2.91
14354	03 05 10.50	+38 50 25.9	3.32
14382	03 05 32.43	+56 42 20.0	4.77
14576	03 08 10.13	+40 57 20.3	2.09
14632	03 09 02.88	+49 36 48.6	4.05
14668	03 09 29.63	+44 51 28.4	3.79
14817	03 11 17.40	+39 36 41.7	4.61
14838	03 11 37.67	+19 43 36.1	4.35
14862	03 11 56.24	+74 23 37.9	4.85
14879	03 12 04.28	-28 59 20.8	3.8
15110	03 14 54.11	+21 02 40.7	4.87
15197	03 15 50.03	-08 49 11.4	4.8
15382	03 18 22.10	-22 30 40.1	4.86
15416	03 18 43.82	+34 13 21.6	4.85
15457	03 19 21.54	+03 22 11.9	4.84
15474	03 19 30.97	-21 45 28.6	3.7
15510	03 19 53.22	-43 04 17.6	4.26
15520	03 19 59.26	+65 39 08.4	4.74
15549	03 20 20.37	+29 02 54.6	4.47
15648	03 21 26.61	+43 19 46.7	4.96
15863	03 24 19.35	+49 51 40.5	1.79
15900	03 24 48.84	+09 01 44.6	3.61
16083	03 27 10.12	+09 43 58.0	3.73
16147	03 28 03.05	+49 03 46.6	4.99
16228	03 29 04.13	+59 56 25.2	4.21
16244	03 29 22.03	+49 30 32.5	4.67
16245	03 29 22.19	-62 56 18.4	4.71
16281	03 29 54.75	+58 52 43.5	4.55
16335	03 30 34.48	+47 59 42.6	4.36
16341	03 30 37.05	-05 04 30.6	4.74
16369	03 30 52.37	+12 56 12.1	4.14
16537	03 32 56.42	-09 27 29.9	3.72
16611	03 33 47.25	-21 37 58.1	4.26
16826	03 36 29.36	+48 11 33.7	4.32
16852	03 36 52.52	+00 24 10.2	4.29
16870	03 37 05.68	-40 16 28.2	4.57
17304	03 42 14.90	-31 56 18.2	4.99
17313	03 42 22.64	+33 57 54.1	4.97
17351	03 42 50.12	-37 18 48.0	4.59
17358	03 42 55.48	+47 47 15.6	3.01
17378	03 43 14.96	-09 45 54.7	3.52
17440	03 44 11.55	-64 48 25.5	3.84
17448	03 44 19.13	+32 17 17.8	3.84
17499	03 44 52.52	+24 06 48.4	3.72
17529	03 45 11.64	+42 34 42.8	3.77
17531	03 45 12.48	+24 28 02.6	4.3
17573	03 45 49.59	+24 22 04.3	3.87
17587	03 46 02.33	+63 20 42.2	4.78
17593	03 46 08.50	-12 06 06.2	4.43
17608	03 46 19.56	+23 56 54.5	4.14
17651	03 46 50.99	-23 14 54.4	4.22
17678	03 47 14.23	-74 14 21.3	3.26
17702	03 47 29.06	+24 06 18.9	2.85
17797	03 48 35.82	-37 37 12.5	4.3
17847	03 49 09.73	+24 03 12.7	3.62
17874	03 49 27.28	-36 12 00.4	4.17
17884	03 49 31.29	+65 31 33.6	4.39
17959	03 50 21.48	+71 19 56.5	4.59
18216	03 53 42.68	-24 36 44.0	4.64
18246	03 54 07.92	+31 53 01.2	2.84
18255	03 54 17.49	-02 57 17.0	4.46
18488	03 57 08.29	+61 06 32.1	4.99
18505	03 57 25.44	+63 04 20.1	4.95
18532	03 57 51.22	+40 00 37.0	2.9
18543	03 58 01.73	-13 30 29.7	2.97
18597	03 58 44.74	-61 24 00.5	4.56
18614	03 58 57.90	+35 47 27.7	3.98
18673	03 59 55.48	-24 00 58.5	4.62
18724	04 00 40.82	+12 29 25.4	3.41
18744	04 00 53.81	-62 09 33.7	4.48
18772	04 01 18.07	-61 04 44.6	4.97
18907	04 03 09.38	+05 59 21.5	3.91
19038	04 04 41.66	+22 04 55.4	4.36
19167	04 06 35.06	+50 21 04.9	4.25
19343	04 08 39.67	+47 42 45.3	3.96
19515	04 10 50.43	-41 59 37.5	4.93
19587	04 11 51.93	-06 50 16.0	4.04
19740	04 13 56.39	+09 15 50.0	4.84
19747	04 14 00.08	-42 17 37.9	3.85
19777	04 14 23.69	-10 15 21.2	4.87
19780	04 14 25.43	-62 28 26.3	3.33
19811	04 14 53.31	+40 29 01.4	4.67
19812	04 14 53.86	+48 24 33.7	4.12
19849	04 15 17.64	-07 38 40.4	4.43
19860	04 15 32.05	+08 53 32.7	4.27
19893	04 16 01.49	-51 29 13.5	4.26
19921	04 16 29.08	-59 18 06.3	4.44
19990	04 17 15.69	+20 34 43.5	4.93
20042	04 17 53.62	-33 47 54.0	3.55
20070	04 18 14.58	+50 17 44.3	4.6
20205	04 19 47.53	+15 37 39.7	3.65
20250	04 20 21.23	+27 21 03.4	4.97
20252	04 20 24.66	+34 34 00.3	4.93
20354	04 21 33.15	+46 29 56.3	4.8
20455	04 22 56.03	+17 32 33.3	3.77
20535	04 24 02.17	-34 01 01.2	3.97
20542	04 24 05.69	+17 26 39.2	4.8
20635	04 25 22.10	+22 17 38.3	4.21
20648	04 25 29.32	+17 55 40.8	4.3
20711	04 26 18.39	+22 48 49.3	4.28
20713	04 26 20.67	+15 37 06.0	4.48
20732	04 26 36.38	+14 42 49.9	4.69
20877	04 28 26.37	+16 21 34.7	4.96
20885	04 28 34.43	+15 57 44.0	3.84
20889	04 28 36.93	+19 10 49.9	3.53
20894	04 28 39.67	+15 52 15.4	3.4
21029	04 30 33.57	+16 11 38.7	4.78
21139	04 31 52.67	-00 02 38.4	4.91
21248	04 33 30.63	-29 45 57.0	4.49
21273	04 33 50.86	+14 50 40.2	4.65
21281	04 33 59.72	-55 02 42.0	3.3
21393	04 35 33.07	-30 33 44.3	3.81
21402	04 35 39.23	+10 09 39.3	4.25
21421	04 35 55.20	+16 30 35.1	0.87
21444	04 36 19.14	-03 21 08.8	3.93
21476	04 36 41.43	+41 15 53.5	4.25
21589	04 38 09.40	+12 30 39.1	4.27
21594	04 38 10.87	-14 18 12.9	3.86
21644	04 38 53.59	-12 07 23.1	4.99
21683	04 39 16.45	+15 55 04.9	4.67
